JOB     A304A.MEA
INST    station
SC      A401,1.400,
NEZ     1421.135,1202.429,10.365
SD      A401,1.400,
HVD     1068731,327341,23.565
SC      A303,1.400,
NEZ     1363.721,1235.332,10.261
SD      A303,1.400,
HVD     596686,326079,48.257
SC      46,1.400,
NEZ     1427.699,1212.136,10.443
SD      46,1.400,
HVD     1176038,327044,20.597
SC      47,1.400,
NEZ     1449.625,1211.854,10.377
SD      47,1.400,
HVD     1236583,325870,40.818
SC      48,1.400,
NEZ     1411.753,1311.194,12.521
SD      48,1.400,
HVD     321032,319833,87.771
SC      49,1.400,
NEZ     1410.803,1229.422,10.720
SD      49,1.400,
HVD     313214,324916,5.980
SC      50,1.400,
NEZ     1416.329,1312.012,12.630
SD      50,1.400,
HVD     310426,319626,88.774
SC      51,1.400,
NEZ     1415.356,1228.665,10.811
SD      51,1.400,
HVD     169157,322146,7.133
SC      52,1.400,
NEZ     1407.397,1219.979,10.429
SD      52,1.400,
HVD     821847,338084,4.660
SC      53,1.400,
NEZ     1400.792,1216.913,10.256
SD      53,1.400,
HVD     770327,332652,11.706
SC      54,1.400,
NEZ     1399.647,1207.856,10.229
SD      54,1.400,
HVD     846674,329624,19.000
SC      55,1.400,
NEZ     1409.589,1206.044,10.324
SD      55,1.400,
HVD     961333,329002,17.435
SC      56,1.400,
NEZ     1413.529,1198.490,10.324
SD      56,1.400,
HVD     996985,327474,25.148
SC      57,1.400,
NEZ     1417.002,1199.518,10.385
SD      57,1.400,
HVD     1026799,327009,24.805
SC      58,1.400,
NEZ     1403.267,1212.357,10.344
SD      58,1.400,
HVD     852945,330272,13.244
SC      59,1.400,
NEZ     1407.549,1228.943,10.892
SD      59,1.400,
HVD     425407,319215,6.232
SC      60,1.400,
NEZ     1400.133,1229.001,10.611
SD      60,1.400,
HVD     367617,326469,11.752
SC      61,1.400,
NEZ     1407.642,1236.464,11.059
SD      61,1.400,
HVD     368438,319172,13.325
SC      62,1.400,
NEZ     1400.243,1236.536,10.743
SD      62,1.400,
HVD     461027,324045,16.620
SC      63,1.400,
NEZ     1383.474,1231.557,10.371
SD      63,1.400,
HVD     566534,326751,28.209
SC      64,1.400,
NEZ     1383.504,1234.700,10.397
SD      64,1.400,
HVD     566532,326467,29.239
SC      65,1.400,
NEZ     1381.338,1231.499,10.342
SD      65,1.400,
HVD     592431,326765,30.246
SC      66,1.400,
NEZ     1373.737,1229.261,10.270
SD      66,1.400,
HVD     615655,326647,37.213
SC      67,1.400,
NEZ     1381.053,1229.200,10.328
SD      67,1.400,
HVD     608208,326883,29.996
SC      68,1.400,
NEZ     1407.016,1195.067,10.469
SD      68,1.400,
HVD     946874,326009,28.596
SC      69,1.400,
NEZ     1399.664,1195.229,10.412
SD      69,1.400,
HVD     896441,326284,30.228
SC      70,1.400,
NEZ     1406.929,1187.626,10.479
SD      70,1.400,
HVD     951565,325537,36.001
SC      71,1.400,
NEZ     1392.880,1191.123,10.344
SD      71,1.400,
HVD     869116,326258,36.815
SC      72,1.400,
NEZ     1391.743,1192.120,10.325
SD      72,1.400,
HVD     860780,326382,36.513
SC      73,1.400,
NEZ     1392.215,1190.379,10.330
SD      73,1.400,
HVD     867869,326277,37.787
SC      74,1.400,
NEZ     1390.218,1193.339,10.300
SD      74,1.400,
HVD     849779,326544,36.302
SC      75,1.400,
NEZ     1388.399,1193.649,10.269
SD      75,1.400,
HVD     840426,326659,37.100
SC      76,1.400,
NEZ     1389.021,1194.366,10.273
SD      76,1.400,
HVD     840838,326705,36.153
SC      77,1.400,
NEZ     1386.363,1191.449,10.267
SD      77,1.400,
HVD     838753,326470,40.080
SC      78,1.400,
NEZ     1385.680,1190.681,10.271
SD      78,1.400,
HVD     838328,326388,41.104
SC      79,1.400,
NEZ     1388.966,1189.103,10.300
SD      79,1.400,
HVD     856537,326277,40.536
SC      80,1.400,
NEZ     1388.295,1188.365,9.465
SC      81,1.400,
NEZ     1380.533,1195.407,10.210
SD      81,1.400,
HVD     803197,326702,41.038
SC      82,1.400,
NEZ     1373.225,1195.433,10.187
SD      82,1.400,
HVD     780978,326478,46.626
SC      83,1.400,
NEZ     1380.494,1187.905,10.218
SC      84,1.400,
NEZ     1370.322,1192.925,10.140
SD      84,1.400,
HVD     782039,326484,50.454
SC      85,1.400,
NEZ     1366.591,1189.443,10.092
SD      85,1.400,
HVD     783957,326434,55.534
SC      86,1.400,
NEZ     1369.262,1192.951,10.121
SD      86,1.400,
HVD     779372,326518,51.287
SC      87,1.400,
NEZ     1366.047,1190.005,10.091
SD      87,1.400,
HVD     781066,326432,55.625
SC      88,1.700,
NEZ     1366.581,1190.995,10.110
SD      88,1.700,
HVD     779292,325274,54.603
/*
SC      89,1.700,
NEZ     1366.630,1193.497,9.818
SD      89,1.700,
HVD     771588,326442,53.115
SC      90,1.700,
NEZ     1359.006,1193.602,9.770
SD      90,1.700,
HVD     756372,326350,59.515
SC      91,1.700,
NEZ     1363.319,1202.410,9.810
SC      92,1.700,
NEZ     1372.544,1201.982,9.899
*/
SC      89,1.400,
NEZ     1366.630,1193.497,10.118
SC      90,1.400,
NEZ     1359.006,1193.602,10.070
SC      91,1.400,
NEZ     1363.319,1202.410,10.110
SC      92,1.400,
NEZ     1372.544,1201.982,10.199
//
SC      93,1.400,
NEZ     1366.786,1207.621,10.082
SC      94,1.400,
NEZ     1381.046,1202.013,10.250
SC      95,1.400,
NEZ     1391.531,1202.028,10.319
SC      96,1.400,
NEZ     1397.022,1207.395,10.345
SC      97,1.400,
NEZ     1399.635,1202.062,10.362
SC      98,1.400,
NEZ     1405.281,1206.759,10.438
SC      99,1.400,
NEZ     1407.517,1201.924,10.449
SC      100,1.400,
NEZ     1406.800,1206.816,10.441
SC      101,1.400,
NEZ     1391.817,1182.827,10.356
SD      101,1.400,
HVD     883132,325807,44.710
SC      102,1.400,
NEZ     1407.961,1244.561,11.244
SD      102,1.400,
HVD     348596,319179,21.267
SC      103,1.400,
NEZ     1407.990,1247.215,11.314
SD      103,1.400,
HVD     345625,319110,23.903
SC      104,1.400,
NEZ     1398.016,1244.758,10.593
SD      104,1.400,
HVD     433242,325283,24.691
SC      105,1.400,
NEZ     1398.002,1247.271,10.594
SD      105,1.400,
HVD     423593,325172,26.896
SC      106,1.400,
NEZ     1401.770,1247.096,11.169
SD      106,1.400,
HVD     396878,320543,25.206
SC      107,1.400,
NEZ     1398.773,1243.681,10.663
SD      107,1.400,
HVD     432281,324739,23.379
SC      108,1.400,
NEZ     1396.204,1238.383,10.597
SD      108,1.400,
HVD     481438,325496,20.667
SC      109,1.400,
NEZ     1397.316,1235.640,10.594
SD      109,1.400,
HVD     493996,325764,17.949
SC      110,1.400,
NEZ     1399.893,1223.724,10.522
SD      110,1.400,
HVD     642672,328377,10.603
SC      111,1.400,
NEZ     1395.085,1222.570,10.431
SD      111,1.400,
HVD     659768,328227,15.434
SC      112,1.400,
NEZ     1400.613,1222.935,10.523
SD      112,1.400,
HVD     658754,328674,9.893
SC      113,1.400,
NEZ     1401.659,1219.714,10.478
SD      113,1.400,
HVD     730563,329782,9.593
SC      114,1.400,
NEZ     1406.824,1227.858,10.831
SD      114,1.400,
HVD     748031,321185,5.734
SC      115,1.400,
NEZ     1403.713,1218.925,10.483
SD      115,1.400,
HVD     769440,330681,8.153
SC      116,1.400,
NEZ     1408.986,1230.665,10.928
SD      116,1.400,
HVD     366397,318934,7.372
SC      117,1.400,
NEZ     1407.278,1219.460,10.415
SD      117,1.400,
HVD     832187,337340,5.133
SC      118,1.400,
NEZ     1411.243,1236.295,10.875
SD      118,1.400,
HVD     311932,321942,12.868
SC      119,1.400,
NEZ     1394.484,1219.131,9.746
SC      120,1.400,
NEZ     1416.547,1234.703,10.923
SD      120,1.400,
HVD     222154,321153,12.781
SC      121,1.400,
NEZ     1419.610,1236.525,10.889
SD      121,1.400,
HVD     198376,322168,15.942
SC      122,1.400,
NEZ     1421.218,1244.972,11.272
SD      122,1.400,
HVD     228625,319499,24.053
SC      123,1.400,
NEZ     1422.087,1231.120,10.976
SD      123,1.400,
HVD     120532,320603,13.906
SC      124,1.400,
NEZ     1425.214,1218.943,10.571
SD      124,1.400,
HVD     1234735,326355,15.400
SC      125,1.400,
NEZ     1424.258,1218.370,10.464
SD      125,1.400,
HVD     1223092,327976,14.678
SC      126,1.400,
NEZ     1447.210,1215.976,10.293
SD      126,1.400,
HVD     1254583,326500,37.475
SC      127,1.400,
NEZ     1425.270,1205.394,10.362
SD      127,1.400,
HVD     1113498,327402,23.337
SC      128,1.400,
NEZ     1424.245,1206.041,10.314
SD      128,1.400,
HVD     1235090,328009,22.192
SC      129,1.400,
NEZ     1448.837,1211.749,10.350
SD      129,1.400,
HVD     1235038,326044,40.094
SC      130,1.400,
NEZ     1423.225,1202.612,10.506
SD      130,1.400,
HVD     1085147,326034,24.422
SC      131,1.400,
NEZ     1421.960,1200.948,10.521
SD      131,1.400,
HVD     1069238,325846,25.258
SC      132,1.400,
NEZ     1448.781,1208.802,10.347
SD      132,1.400,
HVD     1220640,326012,40.999
SC      133,1.400,
NEZ     1446.973,1207.672,10.324
SD      133,1.400,
HVD     1211805,326196,39.751
SC      134,1.400,
NEZ     1429.262,1190.397,10.604
SD      134,1.400,
HVD     1078542,324778,38.012
SC      135,1.400,
NEZ     1436.889,1203.673,10.479
SD      135,1.400,
HVD     1163380,325674,32.987
SC      136,1.400,
NEZ     1434.925,1196.716,10.564
SD      136,1.400,
HVD     1124739,325040,36.219
SC      137,1.400,
NEZ     1435.601,1204.252,10.478
SD      137,1.400,
HVD     1161359,325758,31.610
SC      138,1.400,
NEZ     1434.783,1204.261,10.470
SD      138,1.400,
HVD     1158101,325846,30.958
SC      139,1.400,
NEZ     1416.319,1213.159,10.540
SD      139,1.400,
HVD     1078305,327615,11.829
SC      140,1.400,
NEZ     1411.518,1204.880,10.297
SD      140,1.400,
HVD     983405,328985,18.604
SC      141,1.400,
NEZ     1412.255,1198.129,10.489
SD      141,1.400,
HVD     986364,326097,25.383
SC      142,1.400,
NEZ     1394.948,1202.583,10.448
SD      142,1.400,
HVD     839954,326367,26.021
SC      143,1.400,
NEZ     1389.450,1201.494,10.318
SD      143,1.400,
HVD     814396,326912,30.412
SC      A401C,1.400,
NEZ     1421.137,1202.444,10.385
SD      A401C,1.400,
HVD     1068775,327174,23.553
SC      144,1.400,
NEZ     1360.220,1206.197,10.085
SD      144,1.400,
HVD     716197,326505,53.152
SC      145,1.400,
NEZ     1361.290,1208.667,9.936
SD      145,1.400,
HVD     708205,327190,51.379
SC      146,1.400,
NEZ     1340.028,1207.827,9.954
SD      146,1.400,
HVD     693008,326220,72.178
SC      147,1.400,
NEZ     1395.022,1215.506,10.222
SD      147,1.400,
HVD     745868,330020,17.396
SC      148,1.400,
NEZ     1391.237,1216.632,10.146
SD      148,1.400,
HVD     718200,329897,20.432
SC      149,1.400,
NEZ     1389.880,1213.536,10.209
SD      149,1.400,
HVD     740485,328697,22.876
SC      150,1.400,
NEZ     1364.935,1215.851,10.024
SD      150,1.400,
HVD     682095,327153,46.190
SC      151,1.400,
NEZ     1391.904,1208.328,10.138
SD      151,1.400,
HVD     788876,329098,23.968
SC      152,1.400,
NEZ     1364.897,1215.865,10.023
SD      152,1.400,
HVD     682003,327156,46.225
SC      153,1.400,
NEZ     1359.851,1213.814,10.021
SD      153,1.400,
HVD     686785,326837,51.552
SC      154,1.400,
NEZ     1361.509,1216.930,9.958
SD      154,1.400,
HVD     675298,327223,49.419
SC      155,1.400,
NEZ     1362.004,1219.694,10.145
SD      155,1.400,
HVD     663947,326481,48.635
SC      156,1.400,
NEZ     1381.497,1221.459,10.275
SD      156,1.400,
HVD     662145,327234,29.065
SC      157,1.400,
NEZ     1396.482,1250.986,10.704
SD      157,1.400,
HVD     421073,324173,30.895
