A307,BSS,1469.4540,1427.1050,13.8270
A304,,1223.4660,1410.4730,10.5580
A306,,1397.6270,1410.7410,14.0210
A305001,,1376.7840,1412.5860,13.7690
A305002,,1376.0190,1410.1380,13.9310
A305003,,1377.4950,1421.5460,13.7690
A305004,,1375.8450,1424.3160,13.9230
A305005,,1363.4150,1421.3940,13.5800
A305006,,1361.5610,1421.6120,13.5460
A305007,,1359.0260,1423.0720,13.5470
A305008,,1346.1610,1424.0960,13.4170
A305009,,1344.8930,1422.4250,13.2970
A305010,,1342.3600,1421.2570,13.1830
A305011,,1320.0950,1397.2600,14.3110
A305012,,1315.2060,1409.2960,12.7860
A305013,,1323.8340,1401.8390,13.9560
A305014,,1329.1300,1401.9010,13.9560
A305015,,1342.6540,1402.0880,13.9090
A305016,,1347.9520,1402.1980,13.9150
A305017,,1343.0140,1385.5310,19.7320
A305018,,1329.3340,1385.3720,19.7360
A305020,,1251.8050,1408.3700,11.3600
A305021,,1250.9190,1411.1090,11.1850
A305022,,1254.9850,1420.1240,11.2820
A305023,,1314.1930,1397.2160,14.3160
A305024,,1315.4820,1398.6780,14.4290
A305025G,,1357.2250,1397.2720,14.3170
A305025,,1357.7060,1397.7070,19.7180
A305026,,1355.9010,1400.2720,14.2020
A305027,,1355.9770,1409.8080,13.6110
A305028,,1358.1840,1424.3800,13.6430
A305029,,1344.4500,1435.2550,16.3700
A305030,,1347.3780,1442.5440,15.8450
A305031,,1344.5620,1430.8500,15.1530
A305032,,1342.4530,1427.7110,14.1330
A305033,,1341.5520,1421.7880,13.3090
A305034,,1339.7920,1422.0770,13.2940
A305035,,1329.3450,1421.6050,13.0810
A305036,,1326.7790,1420.6260,12.8280
A305037,,1324.7340,1417.5650,12.8610
A305038,,1326.5870,1412.3590,12.8350
A305039,,1313.5220,1410.7880,12.7150
A305040,,1313.8120,1422.3160,12.7320
A305041,,1312.0170,1421.4490,12.6610
A305042,,1296.6750,1420.2450,12.1810
A305043,,1294.7470,1417.1610,12.2060
A305044,,1296.7350,1412.0110,12.1850
A305045,,1333.8590,1372.4680,14.2940
A305046,,1333.9980,1352.3870,14.2950
A305047,,1337.9810,1352.4260,14.3030
A305048,,1337.7970,1372.4980,14.3070
A305049,,1331.1310,1370.8530,14.0530
A305050,,1332.3540,1372.4190,14.0650
A305051,,1331.0950,1368.3750,14.0600
A305052,,1326.2940,1364.2310,14.0190
A305053,,1322.5530,1363.1830,14.0270
A305054,,1337.9330,1359.8710,14.1720
A305055,,1340.8540,1359.6570,14.0070
A305056,,1344.0830,1359.0250,14.0010
A305057,,1346.6880,1359.7080,14.0030
A305058,,1349.7860,1362.0200,14.0240
A305059,,1320.7550,1401.9750,13.8140
A305060,,1350.7630,1402.3430,13.8880
A305061,,1351.0900,1409.8560,13.5230
A305062,,1354.7010,1409.8230,13.6040
A305063,,1355.8010,1410.4640,12.8270
A305064,,1356.7070,1412.7090,13.4880
A305065,,1354.7820,1417.8840,13.5020
A305066,,1375.0670,1411.5820,13.9020
A305067,,1376.8540,1410.5930,13.9230
A305068,,1378.6680,1411.6000,13.9300
A305069,,1386.9040,1413.1230,13.7990
A305070,,1384.8190,1418.2490,13.8680
A305071,,1386.5830,1421.3000,13.8050
A305072,,1416.6390,1421.6730,13.8170
A305073,,1414.7730,1418.5580,13.9070
A305074,,1417.2710,1413.4230,13.8450
A305075,,1425.7950,1412.1690,14.0180
A305076,,1447.1280,1413.7730,13.8400
A305077,,1444.7880,1418.9540,13.9030
A305078,,1446.7580,1422.0460,13.8100
A305079,,1440.5330,1410.6900,14.0230
A305080,,1442.5650,1410.5930,14.0280
A306C,,1397.6290,1410.7460,14.0160
A204C,,1479.6760,1413.2620,13.8470
A305S3,,1335.5890,1302.9630,14.1260
D,,1331.9080,1519.9870,12.0950
A305,BSS,1332.8500,1411.4640,13.1160
A305,BSS,1332.8490,1411.4610,13.1070
S3001,,1317.8730,1254.7500,14.2640
S3002,,1357.2070,1241.2300,14.2560
S3003,,1355.2220,1254.3220,14.2560
S3004,,1350.0650,1254.0520,14.2440
S3005,,1347.6380,1254.1780,14.2440
S3006,,1327.5140,1253.9390,14.2430
S3007,,1325.0680,1253.8080,14.2460
S3008,,1321.6380,1254.0630,14.2480
S3009,,1332.5040,1263.0400,14.3480
S3010,,1353.4750,1254.4160,14.2560
S3011,,1358.0070,1256.6520,14.3880
S3012,,1359.8840,1279.0440,14.2600
S3013,,1359.8240,1284.1170,14.2600
S3014,,1359.1030,1287.7180,14.2570
S3015,,1358.9740,1301.7170,14.2610
S3016,,1357.4560,1303.1410,14.3760
S3017,,1396.0350,1327.5900,13.9660
S3018,,1396.6890,1303.6030,14.3740
S3019,,1400.9300,1303.6430,14.3720
S3020,,1440.1680,1304.1320,14.3620
S3021,,1400.8780,1326.1160,14.0540
S3022,,1401.1990,1335.4740,14.2960
S3023,,1367.1020,1333.4890,14.2470
S3024,,1367.1760,1328.5010,14.0190
S3025,,1359.0970,1328.5750,14.0430
S3026,,1348.8260,1326.3060,14.0150
S3027,,1343.5500,1326.2180,14.0110
S3028,,1356.1210,1337.2900,14.3110
S3029,,1343.5210,1342.5260,19.7180
S3030,,1348.4230,1342.5790,19.7150
S3031,,1329.6360,1342.3680,19.7010
S3032,,1324.7160,1342.3170,19.6960
S3033,,1330.0050,1326.0650,14.0070
S3034,,1324.7320,1325.9940,14.0100
S3035,,1317.2110,1336.8460,14.3100
S3036,,1314.1770,1332.7020,14.3060
S3037,,1314.3910,1317.6510,14.2070
S3038,,1314.4470,1312.8390,14.2130
S3039,,1315.0490,1301.1790,14.2660
S3040,,1315.2330,1287.2190,14.2680
S3041,,1314.6870,1283.3520,14.2680
S3042,,1314.7730,1278.3340,14.3920
S3043,,1317.0660,1256.1610,14.3650
S3044,,1332.3670,1277.5720,14.3390
S3045,,1342.2440,1277.6970,14.3350
S3046,,1344.6750,1292.8920,14.4130
S3047,,1344.5600,1300.9030,14.2810
S3048,,1350.0730,1301.1140,14.2800
S3049,,1350.1150,1292.9400,14.4150
S3050,,1329.6190,1292.6700,14.3920
S3051,,1324.0830,1292.6040,14.3910
S3052,,1323.9750,1300.6730,14.2730
S3053,,1329.5080,1300.7200,14.2770
S3054,,1330.8160,1333.5610,13.9920
S3055,,1322.1530,1322.7050,13.9280
S3056,,1323.3480,1320.9400,13.9250
S3057,,1331.4100,1322.8910,13.9300
S3058,,1343.0740,1322.1030,13.9400
S3059,,1351.2440,1323.2260,13.9470
A305C,,1332.8450,1411.4600,13.1290
