A302,,1231.6200,1305.0600,9.9100
A303,,1235.3280,1363.7340,10.2570
A301,,1196.9900,1288.8510,9.6760
A302001,,1251.7930,1332.4730,10.7320
A302002,,1256.8250,1327.2530,10.7100
A302003,,1262.8550,1327.2530,10.4890
A302004,,1311.7150,1333.1920,10.6960
A302005,,1304.9150,1318.2980,10.5820
A302006,,1303.9100,1318.4360,10.5210
A302007,,1302.2710,1318.4200,10.5050
A302008,,1300.9860,1318.4350,10.4940
A302009,,1300.9760,1315.8310,10.4910
A302010,,1300.9850,1314.5960,10.4720
A302011,,1300.9960,1312.0150,10.5140
A302012,,1304.9420,1311.9980,10.5430
A302013,,1304.9020,1312.8010,10.5440
A302014,,1302.1990,1323.4460,10.2950
A302015,,1273.0470,1323.2000,10.3440
A302016,,1276.8240,1324.8190,10.3290
A302017,,1276.8700,1321.2690,10.3560
A302018,,1278.8420,1316.2670,10.5100
A302019,,1279.6520,1317.1880,10.5320
A302020,,1283.8440,1314.5520,10.5380
A302021,,1284.1810,1313.2260,10.5080
A302022,,1292.1580,1311.8850,10.4360
A302023,,1292.1920,1313.0700,10.4030
A302024,,1298.6110,1314.1650,10.4860
A302025,,1298.6630,1315.4670,10.4640
A302026,,1279.2170,1310.4360,10.4900
A302027,,1278.6290,1309.1470,10.4660
A302028,,1277.0730,1306.5890,10.3110
A302029,,1275.7300,1306.5600,10.3120
A302030,,1275.7630,1302.7550,10.2050
A302031,,1279.5220,1302.8160,10.1790
A302032,,1279.4630,1306.5910,10.3150
A302033,,1308.7650,1301.1060,10.6680
A302034,,1308.7810,1297.6840,10.6880
A302035,,1252.1110,1296.8470,10.6780
A302036,,1246.0800,1302.3700,10.2060
A302037,,1245.5080,1322.8830,10.1810
A302038,,1248.1460,1313.5270,10.4810
A302039,,1251.0480,1312.9770,10.4770
A302040,,1251.2690,1314.0950,10.5100
A302041,,1253.5120,1312.6250,10.4960
A302042,,1253.4800,1313.8050,10.5270
A302043,,1258.6700,1313.9850,10.5310
A302044,,1258.5220,1315.2010,10.5340
A302045,,1263.3260,1313.6780,10.5090
A302046,,1263.6390,1314.8280,10.5200
A302047,,1268.4510,1310.4610,10.4510
A302048,,1268.5410,1311.6840,10.5220
A302049,,1274.1060,1311.4970,10.5020
A302050,,1274.2280,1312.7010,10.4990
A302051,,1276.9080,1309.6460,10.4910
A302052,,1277.6210,1310.6220,10.5310
A302053,,1302.8730,1310.1630,10.5680
A302054,,1301.6480,1307.0310,10.3820
A302055,,1304.2250,1306.3360,10.5370
A302056,,1313.2550,1303.5720,10.2560
A302057,,1296.4050,1303.0360,10.2130
A302058,,1286.9800,1306.1120,10.2970
A302059,,1285.4150,1307.0960,10.2900
A302060,,1284.2890,1305.8110,10.3120
A302061,,1282.0870,1307.6220,10.4150
A302062,,1275.1930,1308.6870,10.4460
A302063,,1269.9470,1305.9570,10.3120
A302064,,1254.5430,1307.2330,10.2870
A302065,,1249.8350,1306.5620,10.4150
A302066,,1249.1770,1316.1760,10.5210
A302067,,1252.1760,1322.3450,10.3260
A302068,,1261.4230,1323.4320,10.2950
A302069,,1247.4160,1324.1050,10.2260
A302070,,1245.4930,1324.5730,10.1800
A302071,,1267.4610,1321.1310,10.4500
A302072,,1269.7820,1322.1940,10.4360
A302073,,1283.4300,1316.8720,10.4800
A302074,,1285.2660,1322.6390,10.3770
A302075,,1287.5030,1321.5050,10.4000
A302076,,1301.8000,1323.3240,10.2860
A302077,,1308.8980,1321.3080,11.9520
A302078,,1313.9540,1317.8640,14.2060
A302079,,1304.6760,1317.4380,10.5430
A302080,,1262.8020,1332.2730,10.7490
A302081,,1230.0090,1317.2950,9.9500
A302082,,1237.4720,1324.8050,10.0700
A302083,,1237.5500,1317.4320,10.0730
A302084,,1230.3580,1286.4570,9.7510
A302085,,1237.8740,1286.5760,10.0520
A302086,,1192.1440,1327.7370,9.9020
A302087,,1191.5330,1326.9130,9.8990
A302088,,1188.5510,1324.2280,9.8950
A302089,,1188.6320,1316.8740,9.8730
A302090,,1196.1560,1316.9560,9.8750
A302091,,1195.3760,1308.2590,9.8400
A302092,,1195.3330,1307.5830,9.8380
A302093,,1191.5070,1310.3370,9.8750
A302094,,1192.2810,1310.0340,9.8760
A302095,,1188.5310,1305.2590,9.8580
A302096,,1188.5350,1306.0220,9.8580
A302097,,1192.2250,1302.5950,9.8460
A302098,,1192.3040,1301.5940,9.8460
A302099,,1195.9660,1295.0600,9.7370
A302100,,1195.7260,1295.9510,9.7370
A302101,,1191.0580,1293.0780,9.7780
A302102,,1191.8860,1293.0810,9.7620
A302103,,1188.2580,1296.3950,9.8050
A302104,,1188.4360,1295.5580,9.8050
A302105,,1188.9610,1286.0470,9.7590
A302106,,1196.4200,1286.1170,9.6690
A302107,,1196.5170,1278.7860,9.6440
A302108,,1194.3510,1273.2190,9.6260
A302109,,1188.8480,1266.7770,9.6530
A302110,,1189.7480,1270.5800,9.6590
A302111,,1195.9270,1267.1950,9.5570
A302112,,1191.6110,1261.0990,9.5390
A302113,,1191.5940,1264.8890,9.5530
A302114,,1189.9030,1265.2560,9.6100
A302115,,1189.6440,1261.9110,9.5950
A302116,,1189.3010,1258.8610,9.5700
A302117,,1196.7770,1258.9190,9.4880
A302118,,1196.8600,1251.4250,9.4380
A302119,,1191.9560,1245.1290,9.4560
A302120,,1193.3820,1245.1950,9.4290
A302121,,1191.9810,1242.5260,9.4210
A302122,,1193.4910,1242.2970,9.4030
A302123,,1194.9290,1242.3040,9.3890
A302124,,1194.9530,1239.4560,9.3430
A302125,,1193.9790,1237.7440,9.3550
A302126,,1192.7970,1239.4790,9.3850
A302127,,1193.5060,1239.4950,9.4000
A302128,,1197.1530,1231.6370,9.2660
A302129,,1204.3050,1215.7630,9.1620
A302130,,1209.3890,1216.9020,9.0590
A302131,,1210.0610,1217.5840,8.9260
A302132,,1219.0390,1217.8140,8.9400
A302133,,1214.5960,1212.3020,9.0180
A302134,,1193.5960,1213.9260,9.0690
A302135,,1194.6140,1213.2120,9.0240
2,,1204.8070,1205.8720,8.7900
A302136,,1188.5630,1278.4240,9.8130
A302137,,1183.3150,1286.0980,10.0020
A302138,,1179.4610,1282.8320,9.9890
A302139,,1166.7330,1299.6950,11.0430
A302140,,1164.7020,1295.3980,11.0190
A302141,,1156.9230,1303.1740,11.5850
A302142,,1155.8170,1299.0090,11.5630
A302143,,1151.5200,1304.4390,11.8720
A302144,,1150.3640,1300.2720,11.8430
A302145,,1135.5950,1306.9470,12.4850
A302146,,1135.1190,1302.9260,12.4650
A302147,,1144.2250,1294.8820,12.2160
A302148,,1144.0660,1296.9680,12.1610
A302149,,1134.4610,1294.1470,13.5690
A302150,,1134.5000,1295.9660,13.5400
A302151,,1134.3780,1289.0230,13.4020
A302152,,1136.4100,1286.0110,13.0900
A302153,,1136.6520,1284.9460,12.6090
A302154,,1124.8870,1285.7370,13.3840
A302155,,1144.2590,1288.4910,12.2630
A302156,,1152.8720,1288.2330,11.6080
A302157,,1148.1680,1281.3180,12.1760
A302158,,1170.8700,1273.5300,10.2900
A302159,,1169.3580,1268.1770,10.6690
A302160,,1177.0730,1259.8360,9.7230
A302161,,1168.7480,1255.1170,10.7760
A302162,,1160.7550,1261.7590,11.5830
A302163,,1154.0580,1267.9700,12.0650
A302164,,1152.6020,1276.8830,12.0530
A302165,,1150.2870,1259.4720,12.3950
A302166,,1141.5850,1262.2290,12.9820
A302167,,1143.6020,1272.2240,12.6430
A302168,,1123.4870,1275.1540,14.0380
A302169,,1116.9400,1265.2350,15.1250
A302170,,1124.4370,1262.8760,14.3250
A302171,,1127.2550,1257.4850,14.1620
A302172,,1115.8110,1252.8650,15.5030
A302173,,1124.9250,1250.4910,14.4580
A302174,,1133.1330,1255.4140,13.8360
A302175,,1153.3770,1245.1650,12.2130
A302176,,1160.2660,1251.0980,11.6660
A302177,,1162.2040,1245.9890,11.4950
A302178,,1154.5110,1239.0950,12.0830
A302179,,1144.8480,1235.6010,12.7080
A302180,,1142.3550,1228.8770,12.6780
A302181,,1166.4070,1242.0240,10.9290
A302182,,1176.6860,1237.7690,9.6120
A302183,,1176.7900,1246.6570,9.7090
A302184,,1175.9720,1262.6430,9.8160
A302185,,1252.2150,1286.5090,10.6780
A302186,,1255.2530,1277.2560,10.6820
A302187,,1258.3730,1268.1350,10.2350
A302188,,1252.6110,1253.9210,10.6740
A302189,,1257.4520,1256.1360,10.6850
A302190,,1238.2300,1259.2620,10.0000
A303C,,1286.5700,1334.8910,10.5490
2C,,1157.6660,1430.9990,9.0670
A301C,,1197.0010,1288.8570,9.6860
A303C2,,1235.3280,1363.7220,10.2590
A302191,,1238.2090,1259.2480,10.0040
A302192,,1253.2090,1254.1870,10.6740
A302193,,1257.4260,1256.1410,10.6860
A302194,,1255.2270,1277.2580,10.6820
A302195,,1304.5550,1319.1930,10.5740
A302196,,1242.4020,1317.6160,10.1820
A302197,,1224.0320,1313.9500,9.8310
A302198,,1220.3430,1316.4080,9.8030
A302199,,1218.9990,1316.2340,9.7900
A302200,,1218.9540,1313.9810,9.7750
A302201,,1218.9660,1310.0160,9.7540
A302202,,1219.9200,1312.0960,9.7680
A302203,,1216.5420,1304.9190,9.5920
A302204,,1217.6610,1301.6270,9.5200
A302205,,1214.5440,1299.7740,9.5690
A302206,,1219.1120,1299.9090,9.6560
A302207,,1220.0060,1301.8560,9.6860
A302208,,1220.3630,1289.3120,9.5330
A302209,,1222.7550,1293.2720,9.6210
A302210,,1231.4250,1288.5610,9.8540
A302211,,1223.8790,1274.5540,9.5430
A302212,,1224.9410,1270.0000,9.5420
A302213,,1222.9180,1267.5940,9.4550
A302214,,1222.9170,1266.6750,9.4410
A302215,,1218.0610,1271.6520,9.2660
A302216,,1216.8680,1274.7010,9.3320
A302217,,1215.0170,1270.0190,9.3440
A302218,,1220.9460,1258.0210,9.3800
A302219,,1204.7790,1266.7770,9.4720
A302220,,1204.7800,1267.5980,9.4920
A302221,,1207.6090,1256.0750,9.3810
A302222,,1209.6900,1272.1760,9.2680
A302223,,1208.5040,1279.4540,9.4590
A302224,,1209.4190,1301.7730,9.5190
A302225,,1206.8540,1307.1760,9.7300
A302226,,1218.4850,1295.5070,9.6230
A302227,,1224.9760,1287.0410,9.5920
A302228,,1245.4070,1278.3610,10.1720
A302229,,1232.6420,1301.6210,9.9680
A302230,,1229.2430,1303.9020,9.8630
A302231,,1239.8050,1303.0630,10.1640

A303,,1235.3200,1363.7200,10.2600
A304,,1223.4340,1410.4880,10.5830
A401,,1202.4510,1421.1470,10.3570
A303001,,1234.6740,1381.1990,10.3670
A303002,,1229.2890,1373.7160,10.2780
A303003,,1236.7600,1381.2050,10.3930
A303004,,1229.2090,1381.0490,10.3230
A303005,,1236.8090,1373.7960,10.3250
A303006,,1237.0610,1353.0040,10.2380
A303007,,1229.4560,1352.8510,10.1630
A303008,,1237.1680,1345.6030,10.2120
A303009,,1229.5780,1345.4920,10.1130
A303010,,1223.1130,1391.2520,10.4080
A303011,,1201.9960,1407.0200,10.4550
A303012,,1207.2410,1396.9850,10.3220
A303013,,1206.9020,1406.8130,10.4310
A303014,,1188.1920,1352.4550,10.0330
A303015,,1195.8380,1345.1810,9.9920
A303016,,1188.3120,1345.0710,10.0050
A303017,,1193.1700,1338.3400,9.9600
A303018,,1193.2490,1335.5610,9.9360
A303019,,1191.6500,1338.3450,9.9460
A303020,,1193.2510,1333.7450,9.9270
A303021,,1192.0800,1332.3470,9.9140
A303022,,1192.6960,1332.3650,9.9470
A303023,,1193.2660,1332.4350,9.9370
A303024,,1191.6630,1328.1070,9.8760
A303025,,1193.9570,1331.0980,9.9150
A303026,,1191.6670,1328.1040,9.8760
A303027,,1193.9460,1332.4270,9.9180
A303028,,1190.3190,1327.8380,9.8970
A303029,,1196.0840,1324.3470,9.8880
A303030,,1183.0750,1308.9660,9.8980
A303031,,1182.0760,1388.1000,10.2970
A303032,,1251.2790,1379.1030,10.7310
A303033,,1264.2820,1378.8200,10.7520
A303034,,1262.2870,1373.4100,10.7410
A303035,,1262.3190,1370.7320,10.7510
A303036,,1264.7280,1370.7580,10.4330
A303037,,1263.2080,1370.7180,10.4510
A303038,,1263.3030,1363.5690,10.4570
A303039,,1263.3280,1362.0730,10.4570
A303040,,1263.3720,1354.8550,10.4590
A303,,1235.3200,1363.7200,10.2600
2,BS,1204.7870,1205.8860,8.7800
A302,,1231.5910,1305.0830,9.9000
A303041,,1265.9680,1354.8610,10.4260
A303042,,1264.7600,1355.3160,10.4890
A303043,,1252.3520,1360.1560,10.7460
A303044,,1243.6540,1398.7890,10.6570
A303045,,1238.3470,1396.2170,10.5950
A303046,,1224.5750,1334.8740,9.9800
A303047,,1223.9340,1330.6920,9.9260
A303048,,1245.5580,1348.8750,10.4000
A303049,,1245.5360,1353.5320,10.4200
A303050,,1245.2670,1376.7270,10.4770
A303051,,1216.1460,1334.9200,9.7940
A303052,,1217.3440,1331.7870,9.7050
A303053,,1209.0260,1331.3230,9.7260
A303054,,1201.9360,1352.9300,10.0500
A303055,,1201.1570,1357.3490,10.0650
A303056,,1201.0080,1358.2640,10.0730
A303057,,1204.3790,1358.5380,10.0530
A303058,,1204.4650,1357.6150,10.0280

1,,1185.8260,1449.9050,10.7040
2,,1236.6030,1451.9500,10.7580
3,,1207.3160,1450.2290,10.3280
4,,1216.2440,1450.6480,10.3090
5,,1207.5250,1429.4300,10.3080
6,,1216.6500,1429.1530,10.3560
7,,1205.0730,1423.5760,10.2670
8,,1219.7880,1422.9950,10.4810
9,,1199.8270,1420.9590,10.3720
10,,1226.2870,1420.1180,10.6840
11,,1145.6910,1427.2320,10.4440
12,,1312.1710,1420.8840,12.5330
13,,1137.3880,1430.4490,10.6210
14,,1300.5440,1423.7050,12.4440
15,,1186.0110,1424.4190,10.5330
16,,1238.6850,1422.9760,11.0860
17,,1238.3510,1439.0710,10.9120
18,,1199.9210,1439.3590,10.4950
19,,1199.6960,1446.8190,10.5130
20,,1197.3510,1439.1920,10.5250
21,,1197.1620,1446.7450,10.5020
22,,1201.1190,1424.9700,10.4870
23,,1229.4650,1420.4350,10.9680
24,,1201.6700,1422.0710,10.5180
25,,1237.3370,1420.4260,11.0550
26,,1189.7850,1422.4560,10.5260
27,,1254.9120,1420.7040,11.4490
28,,1188.1130,1422.5610,10.5940
29,,1279.7920,1421.0440,11.9760
30,,1119.6470,1431.1740,10.6900
31,,1084.9740,1435.7190,10.7710
32,,1154.4380,1426.8610,10.5840
33,,1199.1670,1421.7330,10.5510
34,,1193.0940,1422.2140,10.5370
35,,1186.9900,1422.8210,9.4000
36,,1181.0560,1423.5230,10.5470
37,,1175.0520,1424.2290,10.5300
38,,1168.8770,1425.0160,10.5670
39,,1163.0170,1425.8800,10.5610
40,,1157.0370,1426.5680,9.6400
41,,1151.0960,1427.4180,10.6030
42,,1145.1540,1428.0850,9.5620
43,,1138.3480,1428.8460,9.7030
44,,1131.5670,1429.7690,10.6620
45,,1125.1280,1430.5320,10.6660
A401,,1202.3940,1421.1350,10.3670
A303,,1235.3220,1363.7250,10.2440
2C,,1204.7890,1205.8770,8.7720
A401,,1202.4290,1421.1350,10.3650
A303,,1235.3320,1363.7210,10.2610
46,,1212.1360,1427.6990,10.4430
47,,1211.8540,1449.6250,10.3770
48,,1311.1940,1411.7530,12.5210
49,,1229.4220,1410.8030,10.7200
50,,1312.0120,1416.3290,12.6300
51,,1228.6650,1415.3560,10.8110
52,,1219.9790,1407.3970,10.4290
53,,1216.9130,1400.7920,10.2560
54,,1207.8560,1399.6470,10.2290
55,,1206.0440,1409.5890,10.3240
56,,1198.4900,1413.5290,10.3240
57,,1199.5180,1417.0020,10.3850
58,,1212.3570,1403.2670,10.3440
59,,1228.9430,1407.5490,10.8920
60,,1229.0010,1400.1330,10.6110
61,,1236.4640,1407.6420,11.0590
62,,1236.5360,1400.2430,10.7430
63,,1231.5570,1383.4740,10.3710
64,,1234.7000,1383.5040,10.3970
65,,1231.4990,1381.3380,10.3420
66,,1229.2610,1373.7370,10.2700
67,,1229.2000,1381.0530,10.3280
68,,1195.0670,1407.0160,10.4690
69,,1195.2290,1399.6640,10.4120
70,,1187.6260,1406.9290,10.4790
71,,1191.1230,1392.8800,10.3440
72,,1192.1200,1391.7430,10.3250
73,,1190.3790,1392.2150,10.3300
74,,1193.3390,1390.2180,10.3000
75,,1193.6490,1388.3990,10.2690
76,,1194.3660,1389.0210,10.2730
77,,1191.4490,1386.3630,10.2670
78,,1190.6810,1385.6800,10.2710
79,,1189.1030,1388.9660,10.3000
80,,1188.3650,1388.2950,9.4650
81,,1195.4070,1380.5330,10.2100
82,,1195.4330,1373.2250,10.1870
83,,1187.9050,1380.4940,10.2180
84,,1192.9250,1370.3220,10.1400
85,,1189.4430,1366.5910,10.0920
86,,1192.9510,1369.2620,10.1210
87,,1190.0050,1366.0470,10.0910
88,,1190.9950,1366.5810,10.1100
89,,1193.4970,1366.6300,10.118
90,,1193.6020,1359.0060,10.070
91,,1202.4100,1363.3190,10.110
92,,1201.9820,1372.5440,10.199
93,,1207.6210,1366.7860,10.0820
94,,1202.0130,1381.0460,10.2500
95,,1202.0280,1391.5310,10.3190
96,,1207.3950,1397.0220,10.3450
97,,1202.0620,1399.6350,10.3620
98,,1206.7590,1405.2810,10.4380
99,,1201.9240,1407.5170,10.4490
100,,1206.8160,1406.8000,10.4410
101,,1182.8270,1391.8170,10.3560
102,,1244.5610,1407.9610,11.2440
103,,1247.2150,1407.9900,11.3140
104,,1244.7580,1398.0160,10.5930
105,,1247.2710,1398.0020,10.5940

A307,BSS,1469.4540,1427.1050,13.8270
A304,,1223.4660,1410.4730,10.5580
A306,,1397.6270,1410.7410,14.0210
A305001,,1376.7840,1412.5860,13.7690
A305002,,1376.0190,1410.1380,13.9310
A305003,,1377.4950,1421.5460,13.7690
A305004,,1375.8450,1424.3160,13.9230
A305005,,1363.4150,1421.3940,13.5800
A305006,,1361.5610,1421.6120,13.5460
A305007,,1359.0260,1423.0720,13.5470
A305008,,1346.1610,1424.0960,13.4170
A305009,,1344.8930,1422.4250,13.2970
A305010,,1342.3600,1421.2570,13.1830
A305011,,1320.0950,1397.2600,14.3110
A305012,,1315.2060,1409.2960,12.7860
A305013,,1323.8340,1401.8390,13.9560
A305014,,1329.1300,1401.9010,13.9560
A305015,,1342.6540,1402.0880,13.9090
A305016,,1347.9520,1402.1980,13.9150
A305017,,1343.0140,1385.5310,19.7320
A305018,,1329.3340,1385.3720,19.7360
A305020,,1251.8050,1408.3700,11.3600
A305021,,1250.9190,1411.1090,11.1850
A305022,,1254.9850,1420.1240,11.2820
A305023,,1314.1930,1397.2160,14.3160
A305024,,1315.4820,1398.6780,14.4290
A305025G,,1357.2250,1397.2720,14.3170
A305025,,1357.7060,1397.7070,19.7180
A305026,,1355.9010,1400.2720,14.2020
A305027,,1355.9770,1409.8080,13.6110
A305028,,1358.1840,1424.3800,13.6430
A305029,,1344.4500,1435.2550,16.3700
A305030,,1347.3780,1442.5440,15.8450
A305031,,1344.5620,1430.8500,15.1530
A305032,,1342.4530,1427.7110,14.1330
A305033,,1341.5520,1421.7880,13.3090
A305034,,1339.7920,1422.0770,13.2940
A305035,,1329.3450,1421.6050,13.0810
A305036,,1326.7790,1420.6260,12.8280
A305037,,1324.7340,1417.5650,12.8610
A305038,,1326.5870,1412.3590,12.8350
A305039,,1313.5220,1410.7880,12.7150
A305040,,1313.8120,1422.3160,12.7320
A305041,,1312.0170,1421.4490,12.6610
A305042,,1296.6750,1420.2450,12.1810
A305043,,1294.7470,1417.1610,12.2060
A305044,,1296.7350,1412.0110,12.1850
A305045,,1333.8590,1372.4680,14.2940
A305046,,1333.9980,1352.3870,14.2950
A305047,,1337.9810,1352.4260,14.3030
A305048,,1337.7970,1372.4980,14.3070
A305049,,1331.1310,1370.8530,14.0530
A305050,,1332.3540,1372.4190,14.0650
A305051,,1331.0950,1368.3750,14.0600
A305052,,1326.2940,1364.2310,14.0190
A305053,,1322.5530,1363.1830,14.0270
A305054,,1337.9330,1359.8710,14.1720
A305055,,1340.8540,1359.6570,14.0070
A305056,,1344.0830,1359.0250,14.0010
A305057,,1346.6880,1359.7080,14.0030
A305058,,1349.7860,1362.0200,14.0240
A305059,,1320.7550,1401.9750,13.8140
A305060,,1350.7630,1402.3430,13.8880
A305061,,1351.0900,1409.8560,13.5230
A305062,,1354.7010,1409.8230,13.6040
A305063,,1355.8010,1410.4640,12.8270
A305064,,1356.7070,1412.7090,13.4880
A305065,,1354.7820,1417.8840,13.5020
A305066,,1375.0670,1411.5820,13.9020
A305067,,1376.8540,1410.5930,13.9230
A305068,,1378.6680,1411.6000,13.9300
A305069,,1386.9040,1413.1230,13.7990
A305070,,1384.8190,1418.2490,13.8680
A305071,,1386.5830,1421.3000,13.8050
A305072,,1416.6390,1421.6730,13.8170
A305073,,1414.7730,1418.5580,13.9070
A305074,,1417.2710,1413.4230,13.8450
A305075,,1425.7950,1412.1690,14.0180
A305076,,1447.1280,1413.7730,13.8400
A305077,,1444.7880,1418.9540,13.9030
A305078,,1446.7580,1422.0460,13.8100
A305079,,1440.5330,1410.6900,14.0230
A305080,,1442.5650,1410.5930,14.0280
A306C,,1397.6290,1410.7460,14.0160
A204C,,1479.6760,1413.2620,13.8470
A305S3,,1335.5890,1302.9630,14.1260
D,,1331.9080,1519.9870,12.0950
A305,BSS,1332.8500,1411.4640,13.1160
A305,BSS,1332.8490,1411.4610,13.1070
S3001,,1317.8730,1254.7500,14.2640
S3002,,1357.2070,1241.2300,14.2560
S3003,,1355.2220,1254.3220,14.2560
S3004,,1350.0650,1254.0520,14.2440
S3005,,1347.6380,1254.1780,14.2440
S3006,,1327.5140,1253.9390,14.2430
S3007,,1325.0680,1253.8080,14.2460
S3008,,1321.6380,1254.0630,14.2480
S3009,,1332.5040,1263.0400,14.3480
S3010,,1353.4750,1254.4160,14.2560
S3011,,1358.0070,1256.6520,14.3880
S3012,,1359.8840,1279.0440,14.2600
S3013,,1359.8240,1284.1170,14.2600
S3014,,1359.1030,1287.7180,14.2570
S3015,,1358.9740,1301.7170,14.2610
S3016,,1357.4560,1303.1410,14.3760
S3017,,1396.0350,1327.5900,13.9660
S3018,,1396.6890,1303.6030,14.3740
S3019,,1400.9300,1303.6430,14.3720
S3020,,1440.1680,1304.1320,14.3620
S3021,,1400.8780,1326.1160,14.0540
S3022,,1401.1990,1335.4740,14.2960
S3023,,1367.1020,1333.4890,14.2470
S3024,,1367.1760,1328.5010,14.0190
S3025,,1359.0970,1328.5750,14.0430
S3026,,1348.8260,1326.3060,14.0150
S3027,,1343.5500,1326.2180,14.0110
S3028,,1356.1210,1337.2900,14.3110
S3029,,1343.5210,1342.5260,19.7180
S3030,,1348.4230,1342.5790,19.7150
S3031,,1329.6360,1342.3680,19.7010
S3032,,1324.7160,1342.3170,19.6960
S3033,,1330.0050,1326.0650,14.0070
S3034,,1324.7320,1325.9940,14.0100
S3035,,1317.2110,1336.8460,14.3100
S3036,,1314.1770,1332.7020,14.3060
S3037,,1314.3910,1317.6510,14.2070
S3038,,1314.4470,1312.8390,14.2130
S3039,,1315.0490,1301.1790,14.2660
S3040,,1315.2330,1287.2190,14.2680
S3041,,1314.6870,1283.3520,14.2680
S3042,,1314.7730,1278.3340,14.3920
S3043,,1317.0660,1256.1610,14.3650
S3044,,1332.3670,1277.5720,14.3390
S3045,,1342.2440,1277.6970,14.3350
S3046,,1344.6750,1292.8920,14.4130
S3047,,1344.5600,1300.9030,14.2810
S3048,,1350.0730,1301.1140,14.2800
S3049,,1350.1150,1292.9400,14.4150
S3050,,1329.6190,1292.6700,14.3920
S3051,,1324.0830,1292.6040,14.3910
S3052,,1323.9750,1300.6730,14.2730
S3053,,1329.5080,1300.7200,14.2770
S3054,,1330.8160,1333.5610,13.9920
S3055,,1322.1530,1322.7050,13.9280
S3056,,1323.3480,1320.9400,13.9250
S3057,,1331.4100,1322.8910,13.9300
S3058,,1343.0740,1322.1030,13.9400
S3059,,1351.2440,1323.2260,13.9470
A305C,,1332.8450,1411.4600,13.1290

A401,,1202.4500,1421.1200,10.3600
A401,,1202.4500,1421.1200,10.3600
A304,,1223.4550,1410.4460,10.5840
A302,,1231.6740,1305.0830,9.9050
A303,,1235.3100,1363.7080,10.2520
A401001,,1238.3250,1452.0030,10.7960
A401002,,1252.9540,1441.2310,15.8820
A401003,,1252.8770,1444.1820,15.9170
A401004,,1253.3010,1434.2900,15.6620
A401005,,1252.4690,1450.5170,16.0230
A401006,,1258.6400,1447.2140,16.1830
A401007,,1260.7290,1445.1220,16.1750
A401008,,1185.1500,1427.7430,10.5740
A401009,,1185.3130,1446.5230,10.7050
A401010,,1174.8660,1446.1740,10.9160
A401011,,1167.8230,1436.3310,11.0570
A401012,,1167.5900,1434.2300,11.1100
A401013,,1162.5410,1430.8960,10.5570
A401014,,1164.2420,1433.5690,11.1580
A401015,,1183.1930,1438.2030,10.7600
A401016,,1177.0850,1433.3440,10.7710
A401017,,1183.8410,1427.8780,10.6440
A401018,,1180.8020,1443.1810,10.8850
A401019,,1173.6170,1436.1600,11.5480
A401020,,1159.5510,1449.3680,15.8900
A401021,,1164.6630,1449.5180,14.0590
A401022,,1167.7130,1445.6860,12.6170
A401023,,1199.2760,1412.5580,10.4450
A401024,,1190.9000,1408.3280,10.4780
A401025,,1184.2020,1410.5650,10.6110
A401026,,1167.8620,1411.9850,11.1100
A401027,,1161.8530,1413.3350,10.9120
A401028,,1155.5900,1412.1530,11.1250
A401029,,1145.7940,1416.0210,10.7470
A401030,,1135.6380,1415.4030,11.1480
A401031,,1134.3320,1411.8480,11.2300
A401032,,1129.7170,1417.4230,10.8450
A401033,,1129.4140,1412.5840,11.3470
A401034,,1130.3790,1419.9330,10.6450
A401035,,1179.2600,1414.4360,10.5370
A401036,,1199.9580,1411.1310,10.4340
A401037,,1199.4820,1408.6040,10.4410
A401038,,1195.0640,1408.1460,10.4850

A401,BSS,1202.4390,1421.1200,10.3490
A402,,1085.6190,1428.0970,10.6680
A404,,1014.4290,1410.6530,13.8890
A403001,,1009.3410,1428.7290,12.2150
A403002,,1013.2820,1427.7440,12.3430
A403003,,1003.2250,1418.7650,12.8010
A403004,,996.6240,1434.0290,11.6570
A403005,,987.0510,1432.9040,11.5760
A403006,,975.7610,1445.0170,11.0030
A403007,,975.6010,1446.4770,10.8260
A403008,,975.3950,1453.4360,10.8140
A403009,,978.1850,1453.8920,11.0000
A403010,,980.0120,1453.5430,10.9420
A403011,,976.5830,1445.7770,11.0620
A403012,,987.6210,1451.9080,10.9710
A403013,,990.1900,1451.2130,11.0590
A403014,,975.4430,1455.9290,11.1230
A403015,,999.7770,1459.0370,15.3070
A403016,,1021.7470,1456.0330,15.8370
A403017,,1041.3060,1454.6790,16.6890
A403018,,1066.7750,1438.0320,10.8310
A403019,,1118.0000,1431.5420,10.7770
A403020,,1100.1020,1435.3410,10.7700
A403021,,1099.2920,1433.1690,10.6220
A403022,,1098.0780,1429.8850,10.6760
A403023,,1097.2220,1426.3420,10.6170
A403024,,1096.1430,1424.1980,10.7420
A403025,,1018.8460,1434.6350,10.9630
A403026,,1019.1600,1436.7700,10.8560
A403027,,1020.7980,1443.9200,10.8260
A403028,,1020.7880,1446.0980,11.0030
A403029,,1015.7910,1445.6690,10.9710
A403030,,1050.3830,1440.2420,10.8360
A403031,,1081.9640,1418.1380,11.4000
A403032,,1081.6540,1415.2830,11.9780
A403033,,1014.8140,1430.0640,11.6290
A403034,,1020.2840,1434.3600,10.9580
A403035,,984.3770,1451.6940,10.7920
A403036,,989.1030,1451.9460,10.9940
A403037,,1005.1770,1446.8080,10.8310
A403038,,1004.2960,1441.6830,10.8420
A403039,,1004.2150,1440.5350,10.8310
A403040,,1004.3410,1432.9430,11.5120
A403041,,1025.7520,1443.5590,10.9670
A403042,,1035.1510,1441.2620,10.8120
A403043,,1034.8560,1437.9840,10.8580
A403044,,1034.3910,1434.8040,10.8280
A403045,,1048.5320,1441.0100,10.8960
A403046,,1066.7990,1438.0310,10.8280
A403047,,1066.1140,1437.2460,10.6970
A403048,,1065.1960,1433.7130,10.7360
A403049,,1064.7790,1430.7980,10.7080
A403050,,1060.2940,1429.6270,10.8610
A403051,,1078.2440,1427.8200,10.7950
A403052,,1095.3730,1433.4350,10.6070
A403053,,1094.7520,1430.0400,10.6810
A403054,,1094.3150,1427.0060,10.6120
A403055,,1109.5490,1425.1560,10.6690
A403056,,1101.8000,1434.0280,10.7730
A403057,,1126.0280,1431.7720,10.6920
A403058,,1124.8870,1433.0790,10.6580
A403059,,1125.5060,1429.4650,10.5090
A403060,,1124.5470,1426.1340,10.5590
A403061,,1124.2980,1423.2260,10.5160
A403062,,1153.7700,1419.4370,10.4090
A403063,,1154.1450,1422.8660,10.4560
A403064,,1154.7370,1425.7680,10.4040
A403065,,1184.8200,1421.9160,10.3670
A403066,,1183.9330,1418.9920,10.3950
A403067,,1184.0970,1415.5720,10.3390
A403068,,1179.6530,1417.4260,10.5140
A401C,,1202.4410,1421.1350,10.3520
A402C,,1085.6320,1428.1060,10.6730

A405,BSS,1009.1370,1345.7920,15.8050
A403,,1022.6580,1436.4640,10.8160
A404034,,1014.0290,1405.3970,14.4900
A404037,,1018.6080,1422.2740,12.5330
A404036,,1015.7530,1415.3970,12.9270
A404035,,1012.4870,1402.2630,15.0850
A404038,,996.7700,1404.2410,14.7280
A404039,,983.5590,1397.8950,13.9610
A404040,,998.4120,1409.4250,14.0300
A404041,,1003.9980,1414.7480,13.2880
A404042,,1004.0950,1425.9290,12.3620
A404043,,1019.4990,1425.8740,12.3620
A403C,,1022.6650,1436.4910,10.8180
A405C,,1009.0940,1345.7990,15.8110

A404,,1014.4390,1410.6350,13.9410
A405018,,1014.2620,1308.4800,15.2450
A405019,,1008.6940,1313.6550,15.3380
A405020,,1008.8020,1320.4610,14.8980
A405021,,998.6960,1320.8480,14.5630
A405022,,1011.5730,1322.0400,15.0440
A405023,,1010.9620,1337.6440,15.6740
A405024,,1008.9540,1349.2080,15.7280
A405025,,1008.3310,1357.0250,16.5720
A405026,,1008.3200,1374.5150,17.0030
A405027,,1001.2230,1381.1180,16.6840
A405028,,998.8750,1394.3680,15.7690
A405029,,998.5150,1357.5830,16.4110
A405030,,999.1560,1346.5240,15.8210
A405031,,996.9110,1333.8760,15.2250
A405032,,1011.5750,1356.1360,14.8660
A405033,,1013.2590,1381.3390,14.4650
A404C,,1014.4740,1410.6570,13.8620
A407C,,1003.4810,1260.7700,18.1440

A408,BSS,1024.1550,1238.0360,23.2450
A405,,1009.1120,1345.8070,15.8300
NONAME,,1009.8580,1279.5760,17.0640
A407001,,1003.9120,1279.5000,15.4830
A407002,,1007.8980,1277.6700,16.3950
A407003,,1013.7220,1278.7290,16.8310
A407004,,1031.5830,1278.3580,17.9940
A407005,,1033.7890,1270.6710,19.1650
A407006,,1049.2810,1270.2580,19.5400
A407007,,1013.4600,1281.4210,16.0030
A407008,,1013.7430,1298.8440,15.7580
A407009,,1006.3950,1294.4120,15.3240
A407010,,1000.4760,1291.4260,13.7970
A407011,,1002.4020,1294.9910,13.6720
A407012,,997.0520,1289.5980,13.4620
A407013,,1004.1890,1283.2140,16.0760
A407014,,1009.0370,1279.8080,15.6290
A407015,,1007.2300,1276.1300,16.0270
A407016,,999.7980,1276.2890,15.1640
A407017,,992.7080,1286.2590,13.1110
A408C,,1024.1560,1238.0910,23.2330
A405C,,1009.1150,1345.7900,15.8300

A410,BSS,1011.5040,1216.5480,22.6500
A408,,1024.1520,1238.0270,23.2330
A409010,,1016.9070,1213.6120,22.6680
A409011,,1041.7690,1223.6250,23.5680
A409012,,1047.8980,1214.3970,21.4960
A409013,,1050.0300,1232.7510,23.9740
A409014,,1046.2800,1240.9720,23.7520
A409015,,1044.3660,1250.5190,22.8070
A409016,,1044.0050,1259.5350,21.2990
A409017,,1036.3510,1248.2600,22.9180
A408C,,1024.1610,1238.0500,23.2380
A410C,,1011.5020,1216.5580,22.6070
A410,BSS,1011.4870,1216.5090,22.6250
A410,BSS,1011.5020,1216.5440,22.6270
A409C2,,1045.1800,1231.8170,24.0750
A408018,,1009.9760,1240.2740,21.2540
A408019,,1020.4100,1249.8340,21.4100
A408020,,1024.4540,1257.9350,20.5120
A408021,,1027.0540,1268.6300,19.1720
A408022,,1019.6460,1265.5410,19.0920
A407C2,,1003.5310,1260.7220,18.1730
A410C2,,1011.4910,1216.5580,22.6270

A409,BSS,1045.1630,1231.8220,24.0480
A412C1,,989.9650,1201.4670,16.6240
A411,,989.9220,1201.4710,16.6300
A410001,,1007.3290,1226.7380,21.5530
A410002,,1016.9040,1231.6780,22.8820
A410003,,1019.5640,1246.8540,21.7770
A410004,,1027.5270,1228.4900,23.4950
A410005,,1023.9070,1237.5580,23.1420
A410006,,1031.7020,1219.4260,23.2460
A410007,,1030.6990,1212.2070,22.2300
A410008,,1010.1060,1212.5600,22.2240
A410009,,1013.4020,1189.7160,19.7590
A409C,,1045.1800,1231.8270,24.0420
A410S1,,989.0600,1221.5920,16.8530
A409C2,,1045.1790,1231.8330,24.0470
A410,BSS,1011.4550,1216.5600,22.5940
S1001,,987.5630,1239.8750,16.2270
A410S2,,977.7880,1244.4780,16.1370
S1002,,979.3660,1239.6700,13.2450
A410C2,,1011.4600,1216.5520,22.5950
A410S1,BSS,989.0550,1221.6020,16.8350
S2001,,987.3020,1248.0930,16.3080
S2002,,990.4470,1237.5290,16.9150
S2003,,977.0820,1260.3590,11.3150
S2004,,988.2060,1238.6020,14.9700
S2005,,987.8660,1247.9370,15.1540
S2006,,974.5990,1444.0210,11.2970
S2007,,992.8450,1248.6280,17.5250
S2008,,988.7730,1252.7100,16.4300
S2009,,976.6670,1293.4330,11.2710
S2010,,976.6220,1297.1700,11.3310
S2011,,988.1920,1259.7720,16.3940
S2012,,984.9250,1269.5440,14.9100
S2013,,977.1400,1247.8850,16.1550
S2014,,1000.4820,1248.7930,18.7080
S2015,,999.9080,1241.0650,19.0350
A410S1C,,989.0430,1221.5730,16.8420

A410,,1011.4870,1216.5450,22.6180
A412,,984.9190,1193.0850,14.5230
A411037,,996.4100,1192.7750,18.2980
A411038,,995.4600,1208.7120,18.6790
A411039,,1007.4400,1222.3620,21.7320
A411040,,998.4130,1228.5490,19.1210
A411041,,1005.0520,1240.0490,20.2220
A411042,,1009.8130,1252.0530,19.9190
A411043,,980.5650,1220.6690,14.1300
A411044,,973.2910,1234.4990,12.2620
A411045,,969.9140,1232.0730,11.1410
A411046,,963.1790,1229.1200,9.0170
A411047,,964.7360,1230.6730,9.2860
A411048,,971.6960,1221.2120,11.8330
A411049,,975.7020,1199.7950,11.7900
A411050,,1004.8840,1195.3810,20.3960
A411051,,1004.9980,1187.9870,19.4860
A410C,,1011.5140,1216.5130,22.6190
A412C,,984.9630,1193.0990,14.5290

A415,BSS,983.2890,1123.6720,6.5040
A413,,971.2520,1179.6780,9.7690
A414001,,981.7380,1129.3030,6.7550
A414002,,974.1020,1141.3980,7.5750
A414003,,978.8870,1142.0150,7.4910
A414004,,968.2850,1152.4390,8.1470
A414005,,964.0610,1162.9310,8.6140
A414006,,968.1290,1164.5970,8.6370
A414007,,959.9000,1182.7020,8.8130
A414008,,986.6610,1137.0560,8.3290
A414009,,982.4020,1149.7760,9.0700
A414010,,993.7650,1139.6290,8.5610
A414011,,988.4710,1144.9140,9.1890
A414012,,987.4910,1173.8030,14.1950
A414013,,992.7590,1180.3510,16.5070
A414014,,997.5520,1186.7200,18.0690
A414015,,983.7300,1169.5200,12.3500
A414016,,978.2040,1162.0660,9.4480
A414017,,975.6980,1173.0160,9.8180
A414018,,956.0620,1183.0160,8.8920
A414019,,956.6200,1140.6220,8.8310
A414020,,956.6720,1134.1490,8.1920
A414021,,964.8580,1132.0090,8.3360
A414022,,973.1140,1130.3210,7.7550
A414023,,963.9770,1129.0230,7.0820
A414024,,964.5700,1138.5340,8.9650
A414025,,967.1680,1148.5240,8.6510
A414026,,961.3600,1160.0400,8.8480
A415C,,983.2530,1123.6400,6.4960
A413C,,971.2500,1179.6930,9.7670
A414,BSS,972.1100,1154.8490,8.3180
A412C,,984.9350,1193.0640,14.5330
A413027,,992.5140,1178.9770,16.4260
A413028,,985.6620,1180.5550,13.8270
A413029,,975.4890,1187.3340,10.5820
A413030,,967.1030,1199.5630,9.5070
A413031,,964.5610,1210.4290,9.1150
A413032,,960.1950,1230.3700,8.8880
A413033,,955.4880,1230.1650,8.8400
A413034,,958.7480,1216.9300,8.8140
A413035,,963.2640,1211.1450,8.8290
A413036,,964.0310,1187.5550,8.7740
A412C2,,984.9900,1193.0900,14.5400
A414C,,972.1120,1154.8270,8.3210

A416001,,1028.1060,1142.0980,6.8890
A416002,,1030.3480,1138.2360,6.9750
A416003,,1032.8350,1134.4560,6.8920
A416004,,1024.7710,1130.1230,6.8270
A416005,,1022.7350,1134.1390,6.9030
A416006,,1020.9260,1138.3000,6.8400
A416007,,1010.8140,1133.5100,6.7200
A416008,,1012.4440,1129.2500,6.8050
A416009,,1014.6630,1125.3830,6.7480
A416010,,996.7100,1118.2330,6.6470
A416011,,995.3160,1122.6270,6.6620
A416012,,993.9220,1126.9630,6.5250
A416013,,990.7880,1125.9040,6.4670
A416014,,988.4270,1127.7870,6.5800
A416015,,982.4200,1126.5200,6.5640
A416016,,973.8760,1124.2750,6.5470
A416017,,983.0340,1123.6750,6.4550
A416018,,984.0290,1119.1730,6.5290
A416019,,983.0540,1114.3580,6.5110
A416020,,961.3260,1109.8800,6.3310
A416021,,974.7980,1117.5090,6.3910
A416022,,965.6990,1119.7120,6.3130
A416023,,958.5400,1118.5070,6.2440
A416024,,956.7180,1121.0690,6.3820
A416025,,973.0040,1129.9780,8.7120
A416026,,971.0560,1129.7090,6.5310
A416027,,971.8870,1124.9060,6.5020
A416028,,966.0870,1122.9500,6.4580
A416029,,965.9370,1122.7320,6.4810
A416030,,1017.9200,1136.3300,6.9420
A416031,,1003.0110,1131.1010,6.8070
A416032,,989.9260,1126.8950,6.6800
A416033,,982.3140,1124.4250,6.6640
A416034,,981.4260,1123.9820,6.6210
A416035,,978.4590,1122.9340,6.6090
A416036,,976.6920,1122.6070,6.5300
A416037,,974.3480,1122.2450,6.5850
A416038,,963.4990,1120.1060,6.4200
A416039,,957.7480,1119.1130,6.3800
A416040,,989.1370,1130.3590,7.4290
A416041,,988.1050,1135.6730,8.3780
A416042,,998.4760,1143.5720,10.1630
A416043,,995.4790,1150.8030,12.2730
A416044,,1005.2590,1157.1360,13.3950
A416045,,994.3270,1161.9410,14.7540
A416046,,1000.5610,1177.4610,18.0310
A416047,,1016.1710,1170.0030,15.0720
A416048,,1020.1700,1162.5170,12.5240
A416049,,1008.3100,1156.9180,12.8490
A416050,,995.1700,1150.9030,12.2740
A416051,,1002.1710,1133.0560,6.9660
A416052,,1016.6710,1139.5010,7.0920
A416053,,1039.1410,1152.0580,7.3580
A416054,,1028.9640,1152.5440,8.8280
A416055,,1027.0970,1144.7430,7.1050
A416056,,1013.1400,1137.6030,6.9870
A417C,,1092.5440,1179.5140,7.6510
A416057,,1050.9680,1145.6470,7.1380
A416058,,1046.7910,1152.7840,7.0980
A416059,,1031.0820,1144.7040,7.1490
A416060,,1027.1220,1133.0750,6.9360
A416061,,1024.5250,1130.3650,6.8770
A416062,,1021.6830,1132.6600,6.9270
A416063,,1020.9590,1137.9530,6.8920
A416064,,999.2120,1120.9150,6.7250
A416065,,993.7690,1121.0090,6.7030
A416066,,990.1310,1127.8990,6.6760
A416067,,989.3270,1127.5070,6.6290
A416068,,980.5810,1125.0830,6.6340
A416069,,970.1130,1112.8480,6.4390
A416070,,965.7160,1110.9020,6.4160
A416071,,964.7280,1114.1310,6.3920
A416072,,964.7290,1119.6060,6.3030
A416073,,953.8470,1117.5990,6.2210

2,BSS,1204.7780,1205.8690,8.7910
A416,,1017.9250,1136.3600,6.8500
A417001,,1178.1170,1194.6330,8.4760
A417002,,1169.9060,1193.9530,8.4140
A417003,,1160.6370,1192.8300,8.3310
A417004,,1153.4650,1191.6340,8.2480
A417005,,1141.8420,1189.1260,8.1390
A417006,,1126.8020,1184.8150,7.9850
A417007,,1111.3810,1179.0200,7.8230
A417008,,1097.3460,1172.4310,7.6700
A417009,,1084.5970,1165.2510,7.5180
A417010,,1072.9040,1158.2930,7.3730
A417011,,1068.0180,1165.8280,7.3780
A417012,,1083.6260,1175.1120,7.5490
A417013,,1098.7240,1183.1300,7.7260
A417014,,1116.2280,1190.6010,7.8930
A417015,,1137.4890,1197.3100,8.1150
A417016,,1156.3140,1201.2330,8.2960
A417017,,1168.7100,1202.8620,8.3730
A417018,,1175.5680,1206.2940,8.5240
A417019,,1165.3860,1205.3120,8.5050
A417020,,1146.0730,1202.1480,8.3560
A417021,,1126.5950,1197.0810,8.1720
A417022,,1111.7460,1191.8500,8.0310
A417023,,1097.7270,1185.7380,7.8880
A417024,,1082.3970,1177.5780,7.7310
A417025,,1064.5150,1166.9830,7.5070
A417026,,1045.2680,1155.4820,7.2520
A417027,,1048.7480,1154.3360,7.1470
A417028,,1053.3860,1146.6950,7.1550
A417029,,1039.5100,1138.3930,6.9960
A417030,,1034.3180,1145.7180,7.0090
A417031,,1019.8190,1137.7130,6.8660
A417032,,1022.2020,1133.8610,6.9440
A417033,,1023.3940,1129.4390,6.8520
A417034,,1040.0240,1150.2620,7.1960
A417035,,1041.4000,1150.6760,7.2070
A417036,,1067.1570,1166.0540,7.5160
A417037,,1093.6010,1181.1830,7.7850
A417038,,1108.8940,1188.3280,7.9810
A417039,,1121.8690,1193.2340,8.0930
A417040,,1151.6670,1201.0330,8.3730
A417041,,1180.6070,1204.3330,8.6270
A417042,,1184.3080,1204.6800,8.6640
A417043,,1178.9400,1199.1000,8.5590
A417044,,1088.3740,1188.9720,10.3040
A417045,,1094.7640,1190.7690,10.0070
A417046,,1094.6120,1188.6230,9.2530
A417047,,1092.7560,1185.4220,8.4370
A417048,,1093.0840,1183.6100,7.9610
A417049,,1108.9230,1194.7850,9.2990
A417050,,1106.6290,1198.9420,11.0040
A417051,,1105.1820,1202.6220,12.1400
A417052,,1109.7560,1200.1400,10.8270
A417053,,1113.6840,1206.6980,12.0420
A417054,,1119.9480,1202.9350,10.5370
A417055,,1124.8600,1204.0670,10.4050
A417056,,1123.5770,1200.5140,9.4270
A417057,,1127.9670,1199.2490,8.5880
A417058,,1116.7420,1194.8470,8.3510
A417059,,1094.2940,1175.8430,7.7210
A417060,,1082.6120,1182.0350,8.8040
A417061,,1079.2840,1184.0890,9.8690
A417062,,1071.4440,1185.7280,11.2350
A417063,,1071.4370,1192.0150,13.1220
A417064,,1074.1360,1190.5390,12.2690
A417065,,1069.5490,1193.5430,13.8380
A417066,,1066.4710,1195.1770,14.6680
A417067,,1063.2780,1185.2080,12.2410
A417068,,1064.6390,1180.1180,10.7370
A417069,,1065.0320,1177.1750,9.9050
A417070,,1068.2480,1176.5320,9.2790
A417071,,1075.2530,1178.0190,8.7290
A417072,,1077.2690,1179.2130,8.5440
A417073,,1079.6870,1176.2110,7.8180
A417074,,1073.4620,1172.5250,7.7460
A417075,,1069.2600,1176.3570,9.0740
A417076,,1063.7730,1178.7570,10.4860
A417077,,1064.2030,1176.3520,9.8500
A417078,,1066.1840,1173.9040,9.0480
A417079,,1069.5370,1170.1740,7.6860
A417080,,1062.0430,1172.3360,9.1800
A417081,,1060.0470,1175.2920,10.1060
A417082,,1058.0810,1179.1370,11.3910
A417083,,1053.1250,1180.2360,12.3080
A417084,,1053.1470,1176.7710,11.3660
A417085,,1054.5970,1174.4270,10.5370
A417086,,1056.6680,1172.2380,9.6980
A417087,,1059.2430,1168.6350,8.4910
A417088,,1062.5230,1165.9880,7.6060
A417089,,1057.9550,1168.3690,8.5260
A417090,,1055.3830,1172.1440,9.7690
A417091,,1055.1700,1177.0150,11.1470
A417092,,1051.5310,1180.1660,12.4260
A417093,,1052.7350,1176.9920,11.4800
A417094,,1054.3390,1174.4280,10.5650
A417095,,1056.4900,1172.0770,9.6900
A417096,,1059.0060,1168.7110,8.5370
A417097,,1061.5700,1165.4120,7.6080
A417098,,1057.7690,1167.8530,8.4110
A417099,,1050.6730,1169.3380,9.6310
A417100,,1046.0390,1175.8200,11.6120
A417101,,1039.8240,1176.6480,12.7390
A417102,,1042.8870,1169.4460,10.7150
A417103,,1046.8740,1162.4610,8.4930
A417104,,1039.6560,1152.3000,7.3470
A417105,,1032.4240,1157.1410,9.3940
A417106,,1029.8740,1164.5540,11.4020
A417107,,1025.3230,1169.4030,13.2220
A417108,,1019.8770,1160.0420,11.7950
A417109,,1020.6720,1151.9150,9.6030
A416C,,1017.9410,1136.3020,6.8600
A417110,,1031.0880,1144.6720,7.1440
A417111,,1042.6490,1138.3890,7.1570
A417112,,1047.6440,1147.8170,7.1710
A417113,,1050.9400,1145.6560,7.1360
A417114,,1053.0630,1148.2380,7.1880
A417115,,1046.8100,1152.7310,7.0930
A417116,,1072.8080,1168.2960,7.4370
A417117,,1073.6310,1162.8670,7.4790
A417118,,1076.4480,1160.7790,7.4340
A417119,,1078.9160,1163.6180,7.4900
A417120,,1079.4380,1173.6040,7.6820
A417121,,1082.5530,1177.3990,7.7240
A417122,,1099.3990,1183.1060,7.7430
A417123,,1099.9460,1177.7980,7.7780
A417124,,1102.8360,1175.4880,7.7370
A417125,,1104.9840,1177.8210,7.7890
A417126,,1129.3040,1185.9970,8.0140
A417127,,1132.6030,1188.1700,8.0870
A417128,,1127.3160,1188.7010,8.0600
A417129,,1127.4330,1194.0210,8.0060
A417130,,1135.8720,1197.7140,8.2380
A417131,,1157.3530,1201.0650,8.2980
A417132,,1156.2740,1195.6660,8.3450
A417133,,1158.4400,1192.8640,8.2940
A417134,,1161.4140,1194.4360,8.3600
2C,,1204.7870,1205.8990,8.7860
A417,BSS,1092.5100,1179.4920,7.6460
A415,,983.2970,1123.6300,6.5050

S4001,,1316.4780,1263.6150,10.3440
S4002,,1316.4650,1265.1600,10.3470
S4003,,1310.9200,1265.4450,10.2990
S4004,,1311.3910,1266.8370,10.3060
S4005,,1305.3270,1268.4220,10.3350
S4006,,1304.5410,1270.5270,10.3190
S4007,,1304.6660,1265.8990,10.3340
S4008,,1297.9200,1265.9540,10.3830
S4009,,1297.3750,1267.3430,10.3830
S4010,,1293.7170,1263.8530,10.3820
S4011,,1292.8400,1265.0680,10.3620
S4012,,1287.4170,1261.7640,10.3150
S4013,,1287.0740,1263.1870,10.3050
S4014,,1282.3740,1261.8890,10.3020
S4015,,1282.7740,1263.2840,10.3050
S4016,,1279.7080,1263.3110,10.3330
S4017,,1279.6810,1265.1420,10.3210
S4018,,1277.8540,1263.4200,10.3320
S4019,,1276.7800,1262.2190,10.3270
S4020,,1276.7710,1260.7700,10.3150
S4021,,1278.0570,1259.4360,10.3080
S4022,,1279.9450,1258.0740,10.3030
S4023,,1281.9950,1256.3660,10.2680
S4024,,1279.2860,1256.3180,10.2740
S4025,,1277.7450,1257.8060,10.3060
S4026,,1276.2580,1258.9960,10.3160
S4027,,1275.2230,1260.7990,10.3140
S4028,,1275.0720,1264.0290,10.3310
S4029,,1274.8810,1267.2050,10.2990
S4030,,1273.4890,1269.0760,10.2540
S4031,,1268.3690,1269.7500,10.2670
S4032,,1267.4410,1271.2320,10.2550
S4033,,1266.5070,1267.2680,10.2770
S4034,,1263.8240,1265.4950,10.2540
S4035,,1261.8020,1265.3160,10.2480
S4036,,1259.7400,1265.7120,10.2390
S4037,,1258.2220,1265.4940,10.2300
S4038,,1258.1950,1268.2010,10.2150
S4039,,1260.3380,1267.0940,10.2580
S4040,,1262.7500,1266.7670,10.2430
S4041,,1265.1870,1267.9940,10.2520
S4042,,1275.2530,1272.0750,10.2560
S4043,,1277.7480,1273.8350,10.2440
S4044,,1278.9160,1276.7880,10.2610
S4045,,1279.1460,1282.3480,10.2600
S4046,,1279.2290,1280.5520,10.2570
S4047,,1281.6520,1282.3630,10.2690
S4048,,1280.9540,1280.7240,10.2670
S4049,,1280.2300,1275.9680,10.2590
S4050,,1278.9140,1273.0990,10.2600
S4051,,1277.1780,1270.7240,10.2540
S4052,,1276.7170,1268.5530,10.2750
S4053,,1279.2730,1265.4660,10.3170
S4054,,1263.5490,1261.2460,10.1810
S4055,,1263.5850,1256.2990,10.1880
S4056,,1263.3520,1277.7480,10.1210
S4057,,1263.2680,1282.7410,10.2110
S4058,,1271.4580,1272.3410,10.2740
S4059,,1300.5750,1266.1830,10.3640
S4060,,1306.6950,1278.2430,10.1430
S4061,,1301.7600,1278.8880,10.2080
S4062,,1285.5170,1278.6450,10.2010
S4063,,1269.4410,1278.4650,10.1650
S4064,,1269.4550,1260.6420,10.2400
S4065,,1285.7480,1260.7960,10.2470
S4066,,1313.5080,1261.2140,10.2630
S4067,,1312.9250,1283.3490,10.6610
S4068,,1313.0900,1278.3900,10.1920
A101C,,1341.4130,1195.3880,10.3570

A301C,,1196.9890,1288.8410,9.6700
S5,,1268.2980,1362.5320,10.6220
A302C,,1231.6130,1305.0490,9.9080
A303,BSS,1235.3220,1363.7200,10.2670
S5001,,1264.5470,1357.1920,10.4460
S5002,,1264.5840,1352.3470,10.7280
S5003,,1270.6210,1357.3890,10.5390
S5004,,1270.3870,1373.8980,10.5650
S5005,,1264.2940,1378.7960,10.7770
S5006,,1263.3010,1363.5890,10.4420
S5007,,1263.3390,1362.0750,10.4500
S5008,,1265.1280,1363.3570,10.5260
S5009,,1266.7670,1362.8560,10.5150
S5010,,1269.3400,1363.1900,10.6020
S5011,,1274.3600,1366.5450,10.6310
S5012,,1278.1190,1367.5990,10.5770
S5013,,1280.4480,1368.1810,10.5380
S5014,,1285.3020,1367.9340,10.5610
S5015,,1289.7880,1365.5320,10.5970
S5016,,1292.4600,1362.6410,10.5790
S5017,,1293.3090,1362.6190,10.5730
S5018,,1294.6250,1364.7600,10.6420
S5019,,1295.8600,1367.3210,10.6350
S5020,,1296.7150,1370.7870,10.5700
S5021,,1296.3750,1373.4600,10.5330
S5022,,1295.4700,1376.4670,10.4650
S5023,,1295.1300,1378.4390,10.4480
S5024,,1295.1340,1379.1560,10.5920
S5025,,1297.1180,1379.1810,10.6120
S5026,,1294.4020,1361.4560,10.5720
S5027,,1294.6570,1360.5390,10.5090
S5028,,1296.6110,1360.0210,10.6070
S5029,,1298.7910,1360.8640,10.5820
S5030,,1300.4900,1362.7040,10.6190
S5031,,1300.4700,1365.4320,10.6250
S5032,,1304.1710,1365.2190,10.6010
S5033,,1304.2050,1364.4830,10.6500
S5034,,1313.5940,1360.5940,14.2980
S5035,,1304.2560,1359.6910,10.6750
S5036,,1304.2360,1359.2680,10.7100
S5037,,1300.6910,1359.0250,10.5870
S5038,,1300.6220,1360.5570,10.6260
S5039,,1295.4450,1358.6800,10.5570
S5040,,1294.8330,1358.3770,10.5620
S5041,,1294.6140,1357.4210,10.5590
S5042,,1295.5050,1355.2750,10.4970
S5043,,1297.4500,1352.6930,10.4270
S5044,,1297.4560,1351.9750,10.7110
S5045,,1295.4820,1351.9530,10.7070
S5046,,1295.4610,1352.6890,10.4290
S5047,,1293.3880,1359.1850,10.5700
S5048,,1293.3540,1359.6090,10.6110
S5049,,1293.1370,1359.8310,10.6230
S5050,,1292.4220,1360.4270,10.6260
S5051,,1291.5800,1361.2900,10.5790
S5052,,1305.7460,1379.3170,10.7420
S5053,,1305.8650,1374.4130,10.3380
S5054,,1293.4210,1375.9350,10.5370
S5055,,1291.3810,1355.7050,10.5820
A303C,,1235.3260,1363.7230,10.2760

22,,1476.1040,1198.3230,13.0200
A202,BS,1480.5100,1314.0160,13.5860
A201,,1480.8760,1276.0470,13.4020
A102,,1400.4350,1196.0930,11.5390
A22098,,1481.8530,1213.9180,13.0930
A22099,,1474.8780,1213.8100,13.0750
A22100,,1474.6040,1238.7380,13.2070
A22101,,1474.3380,1258.0320,13.2970
A22102,,1474.2670,1263.7060,13.3330
A22103,,1474.0690,1280.1990,13.4100
A22104,,1474.0190,1285.1980,13.4400
A22105,,1474.5060,1333.0390,13.6670
A22106,,1473.9020,1325.6130,13.6150
A22107,,1477.5490,1327.9340,13.6590
A22108,,1479.2030,1325.9240,13.6510
A22109,,1480.1740,1326.9040,13.6070
A22110,,1480.4640,1304.4880,13.5070
A22111,,1479.3930,1300.8940,13.5270
A22112,,1477.8040,1302.7210,13.5680
A22113,,1474.1580,1303.8860,13.5040
A22114,,1474.5030,1278.4500,13.3900
A22115,,1476.1420,1280.5960,13.4320
A22116,,1478.1840,1278.0190,13.4350
A22117,,1479.8360,1276.0180,13.3970
A22118,,1480.7230,1278.8960,13.4010
A22119,,1481.0160,1254.6210,13.2710
A22120,,1479.8890,1251.0560,13.2940
A22121,,1478.4340,1253.0660,13.3130
A22122,,1474.7760,1254.8580,13.2850
A22123,,1475.0580,1229.6870,13.1480
A22124,,1478.6240,1227.7920,13.1820
A22125,,1480.1580,1226.0130,13.1580
A22126,,1481.2930,1229.8490,13.1550
A22127,,1475.8540,1217.0030,13.0940
A22128,,1472.8590,1210.0240,12.9660
A22129,,1471.8210,1207.5790,12.8660
A22130,,1478.7310,1201.8800,13.1040
A22131,,1480.4690,1199.7390,13.1400
A22132,,1476.8050,1200.2250,13.0560
A22133,,1474.2310,1210.7490,12.9190
A22134,,1472.7330,1208.6520,12.9040
A22135,,1470.9490,1207.6150,12.8540
A22136,,1468.8990,1207.1810,12.8100
A22137,,1460.2770,1198.1060,12.5710
A22138,,1405.3400,1197.4590,11.4650
A22139,,1405.3240,1201.9470,11.5590
A22140,,1405.2510,1206.4470,11.4810
A22141,,1421.5550,1207.2590,11.9700
A22142,,1447.2400,1207.4290,12.4950
A22143,,1451.7700,1207.6000,12.5890
A22144,,1458.1060,1207.8070,12.7490
A22145,,1470.4370,1207.8350,12.9720
A22146,,1469.6730,1208.2410,12.9190
A22147,,1473.9670,1210.2570,12.9490
A22148,,1454.1550,1210.0320,12.6540
A22149,,1446.9460,1209.9490,12.4790
A22150,,1411.2490,1207.3400,11.7510
A22151,,1422.2120,1206.2590,11.8430
A22152,,1421.0290,1201.1230,11.8580
A22153,,1425.9890,1199.3720,11.9490
A22154,,1422.1980,1197.9900,11.8280
A22155,,1452.0350,1198.3100,12.3900
A22156,,1456.0510,1199.6150,12.5320
A22157,,1451.0660,1201.4420,12.4660
A22158,,1452.4990,1206.6130,12.4440
A22159,,1462.5530,1208.4030,12.8400
A22160,,1465.1760,1207.8160,12.8830
A22161,,1469.8480,1213.2990,13.0460
A22162,,1476.1040,1198.3230,13.4040
A22163,,1456.7110,1238.4890,13.8390
A22164,,1448.8770,1233.4260,13.6940
A22165,,1448.7790,1238.3930,14.2660
A22166,,1446.6840,1232.3510,13.6240
A22167,,1440.9550,1232.2950,13.6330
A22168,,1440.8890,1238.3030,13.6180
A22169,,1410.9440,1237.9010,12.5580
A22170,,1411.0190,1232.9330,12.5690
A22171,,1402.9650,1232.8760,14.2560
A22172,,1470.6650,1242.5810,14.2920
A22173,,1470.4970,1256.4560,14.2810
A22174,,1470.1190,1289.0520,14.2700
A201C,,1480.8660,1276.0590,13.3930
A102C,,1400.4180,1196.0850,11.5450

2,,1204.7890,1205.8790,8.7920
22,BS,1476.1020,1198.2790,13.0000
A2001,,1197.1050,1231.6410,9.2790
A2002,,1189.7020,1224.0900,9.2860
A2003,,1197.1910,1224.1870,9.2560
A2004,,1196.1030,1216.4280,9.1350
A2005,,1195.2330,1217.0460,9.1570
A2006,,1194.4830,1215.9350,9.1370
A2007,,1194.7210,1215.7140,9.1420
A2008,,1195.3370,1215.3400,9.1180
A2009,,1195.7410,1215.0320,9.1090
A2010,,1194.5620,1213.2410,9.0350
A2011,,1193.5670,1213.9280,9.0850
A2012,,1231.2050,1224.2480,9.5040
A2013,,1238.7630,1224.2960,9.8380
A2014,,1231.0230,1231.8140,9.5830
A2015,,1230.8550,1251.7360,9.6940
A2016,,1238.3200,1251.7910,10.0070
A2017,,1230.7760,1259.2190,9.7420
A2018,,1230.5770,1278.9500,9.7520
A2019,,1238.0260,1279.1030,9.9990
A2020,,1224.6080,1214.9980,9.1850
A2021,,1226.1590,1207.0670,9.1260
A2022,,1222.5280,1209.5680,8.9680
22,BS,1476.0830,1198.3220,13.0040
A417R,,1092.5270,1179.5210,7.6680
A302R,,1231.6100,1305.0430,9.9340
A303R,,1235.3700,1363.7540,10.2710
A2023,,1204.7890,1205.8790,9.0630
A2024,,1204.7890,1205.8790,9.0750
A2025,,1204.7890,1205.8790,9.0830
A2026,,1219.6860,1219.2150,9.1460
A2027,,1219.1100,1216.5990,8.9770
A2028,,1219.9960,1212.5330,8.9340
A2029,,1221.8710,1209.5290,8.9110
A2030,,1225.1250,1206.4810,9.0140
A2031,,1231.8290,1204.4290,9.0490
A2032,,1241.2610,1205.0020,9.2440
A2033,,1227.8290,1206.0530,9.2430
A2034,,1233.1050,1205.4540,9.2320
A2035,,1210.0600,1217.5880,8.9680
A2036,,1209.5630,1213.4580,8.9430
A2037,,1207.4360,1209.3120,8.8700
A2038,,1205.2060,1207.0410,8.8250
A2039,,1201.5240,1204.9220,8.7390
A2040,,1194.6960,1204.0240,8.6590
A2041,,1186.5190,1203.9640,8.5760
A2042,,1185.3490,1194.8580,8.5370
A2043,,1181.2120,1194.7030,8.4980
A2044,,1181.7640,1199.1760,8.6110
A2045,,1196.3840,1204.8650,8.8310
A2046,,1204.7890,1205.8790,8.8420
A2047,,1204.7890,1205.8790,8.9330
A2048,,1209.4110,1216.9600,9.0520
A2049,,1179.4280,1203.6150,8.5220
A2050,,1167.6670,1205.5460,8.5510
A2051,,1177.7850,1206.3590,8.6020
A2052,,1186.4020,1206.8760,8.7120
A2053,,1189.4200,1214.5060,9.1160
A2054,,1184.9710,1211.9030,9.0210
A2055,,1186.0800,1209.8890,8.9450
A2056,,1191.9110,1208.7380,8.8430
A2057,,1186.3660,1207.5460,8.8060
A2058,,1157.7620,1212.1570,10.4300
A2059,,1141.3790,1210.7240,10.8430
A2060,,1132.8430,1213.0620,11.8130
A2061,,1123.9100,1216.4600,12.9920
A2062,,1115.7960,1217.6540,13.7020
A2063,,1126.2910,1209.8470,11.7190
A2064,,1132.1290,1220.3190,12.7760
A2065,,1155.2400,1230.2560,11.9010
A2066,,1138.1510,1237.9710,13.3300
A2067,,1126.4470,1243.2900,14.3190
A2068,,1159.7190,1217.4090,10.7780
A2069,,1164.9600,1206.3360,8.7230
A2070,,1176.9490,1214.4810,8.9170
A2071,,1252.8490,1236.4220,10.7040
A2072,,1257.7450,1231.1720,10.2220
A2073,,1263.9240,1231.2120,10.1760
A2074,,1260.9860,1230.7720,10.2090
A2075,,1269.3460,1230.8330,10.2430
A2076,,1302.0320,1236.9170,10.4150
A2077,,1307.3240,1236.8180,10.3890
A2078,,1246.9170,1224.5150,10.1350
A2079,,1247.1380,1207.6310,9.3160
A2080,,1248.4490,1209.3150,9.6080
A2081,,1245.4250,1260.4890,10.2260
A2082,,1248.9950,1255.7160,10.6920
A2083,,1248.7620,1250.6080,9.7010
A2084,,1241.6160,1244.7620,10.1710
A2085,,1226.4480,1239.4980,9.4650
A2086,,1226.8980,1244.7840,9.5210
A2087,,1220.8450,1249.1360,9.3330
A2088,,1219.7350,1247.2310,9.3250
A2089,,1229.6990,1257.3890,9.7080
A2090,,1220.8530,1249.1330,9.3310
A2091,,1217.2090,1244.9360,9.1910
A2092,,1218.3700,1241.6180,9.1200
A2093,,1215.3010,1239.8570,9.1930
A2094,,1210.1170,1241.6810,9.1460
A2095,,1210.3550,1221.7300,9.0110
A2096,,1215.5180,1219.8160,9.0430
A2097,,1217.4550,1224.9080,9.0450
A2098,,1218.6310,1221.7660,8.9850
A2099,,1220.1770,1216.5070,9.1430
A2100,,1220.4030,1213.6190,9.1000
A2101,,1233.4980,1207.5470,9.2260
A2102,,1231.9970,1205.2140,9.2070
A2103,,1223.0190,1207.5870,8.9520
A2104,,1242.7170,1204.1950,9.1440
A2105,,1245.9770,1197.2550,9.1900
A2106,,1242.4230,1195.9240,9.1130
A2107,,1241.0220,1199.1080,9.1760
A2108,,1217.2200,1195.6410,8.8870
A2109,,1217.7820,1197.0150,8.9410
A2110,,1191.0000,1196.5880,8.6500
A2111,,1187.0600,1195.2550,8.5800
A2112,,1215.8500,1198.9220,8.9900
A2113,,1185.9010,1198.3570,8.6410
A2114,,1161.4060,1194.4040,8.4000
A2115,,1158.4220,1192.8370,8.3340
A2116,,1156.2780,1195.6260,8.3820
A417C,,1092.5340,1179.5140,7.6860
A2117,,1157.3620,1200.9740,8.3250
A2118,,1194.4940,1206.2820,8.8210
A2119,,1197.2530,1204.8410,8.8580
A2120,,1206.5350,1207.6860,8.8240
A2121,,1206.3920,1211.6510,9.0270
A2122,,1208.8530,1213.6560,9.0620
A2123,,1207.8940,1214.9430,9.0890
A2124,,1207.6130,1256.0990,9.4070
A301C,,1197.0010,1288.8560,9.7160
A302C,,1231.6130,1305.0630,9.9300
A303C,,1235.3170,1363.7280,10.2860

2,,1204.7750,1205.8850,8.7700
A101175,,1408.3050,1209.5620,11.6950
A101176,,1402.2850,1209.4990,11.5700
A101177,,1402.0970,1226.4160,10.3860
A101178,,1398.3780,1238.1480,10.6730
A101179,,1373.6810,1231.8950,10.1990
A101180,,1373.6390,1237.8210,10.6220
A101181,,1365.5560,1231.6840,10.2130
A101182,,1368.3200,1232.4980,10.1520
A101183,,1362.1900,1232.4420,10.2320
A101184,,1362.1440,1237.3960,10.6570
A101185,,1350.9070,1243.9520,10.2370
A101186,,1347.5900,1243.8620,10.2060
A101187,,1357.2910,1237.6630,10.6610
A101188,,1327.8120,1243.6620,10.2010
A101189,,1324.4570,1243.6240,10.2140
A101190,,1318.2510,1240.7950,10.6780
A101191,,1317.7540,1236.9080,10.6630
A101192,,1313.4580,1236.8200,10.6720
A101193,,1313.4110,1231.8250,10.1860
A101194,,1313.2000,1231.1740,10.1690
A101195,,1302.0150,1231.0210,10.2090
A101196,,1299.0470,1237.1430,10.6560
A101197,,1307.3320,1231.7540,10.1640
A101198,,1322.1750,1225.4500,10.1730
A101199,,1322.3600,1208.5030,10.0310
A101200,,1353.8350,1208.8900,10.5620
A101201,,1353.6420,1225.8350,10.2750
A101202,,1342.8750,1222.9690,10.3100
A101203,,1338.0240,1216.2490,10.3300
A101204,,1332.8730,1222.3760,10.2760
A101205,,1337.6580,1221.0670,10.4940
A101206,,1333.1310,1205.6370,10.0540
A101207,,1334.9180,1208.6600,10.2430
A101208,,1341.0400,1208.7470,10.3430
A101209,,1342.9120,1205.7520,10.2360
A101210,,1354.3420,1206.8580,10.6030
A101211,,1330.8750,1206.3270,10.1900
A101212,,1326.0550,1206.3170,10.0820
A101213,,1309.2390,1206.1550,9.8320
A101214,,1269.2620,1236.5690,10.2720
A101215,,1263.8410,1236.2170,10.2800
A101216,,1273.8220,1205.3280,9.5120
A101217,,1273.3410,1204.5480,9.3690
A101218,,1270.9800,1199.4910,9.3970
A101219,,1272.1970,1196.2860,9.3370
A101220,,1275.9700,1197.6370,9.4100
A101221,,1301.6410,1196.6500,9.6300
A101222,,1305.8210,1198.0220,9.7090
A101223,,1300.9120,1199.8020,9.6870
A101224,,1302.2350,1204.8830,9.6210
A101225,,1316.8140,1206.8090,9.9420
A101226,,1328.6150,1214.4450,10.2020
A101227,,1326.4610,1236.6250,10.1930
A101228,,1327.3680,1236.7970,10.1870
A101229,,1349.7920,1237.0050,10.1930
A101230,,1352.3170,1237.0530,10.1790
A101231,,1332.3240,1205.2390,10.0400
A101232,,1331.0690,1200.0380,10.0760
A101233,,1332.9180,1197.0130,10.0470
A101234,,1336.1850,1198.1820,10.1350
A101235,,1362.4770,1197.3280,10.6300
A101236,,1366.0630,1198.6020,10.7340
A101237,,1361.0650,1200.4550,10.6540
A101238,,1362.8640,1205.6080,10.6360
A101239,,1351.5270,1206.5850,10.5480
A101240,,1387.2480,1207.5590,11.3020
A101241,,1392.3090,1205.9790,11.2140
A101242,,1391.1020,1200.7970,11.2630
A101243,,1396.0570,1198.9610,11.3240
A101244,,1392.5980,1197.7060,11.2190
A101245,,1379.6520,1210.1140,11.1460
A101246,,1307.4550,1209.1760,9.8450
2C,,1204.7780,1205.8650,8.7680
22C,,1476.1060,1198.3370,12.9950
A101S4,,1317.5840,1256.2480,10.6860
2C3,,1204.7620,1205.8820,8.7700

22,BSS,1476.1040,1198.3240,12.9930
A204,,1479.6770,1413.2950,13.8560
A202078,,1469.6160,1338.6110,14.3300
A202079,,1447.0690,1338.3310,14.3270
A202080,,1473.3420,1333.2250,13.7850
A202081,,1473.5640,1304.5900,13.6780
A202082,,1451.5880,1332.9700,14.0460
A202083,,1449.3760,1331.9420,13.9370
A202084,,1445.7490,1331.9590,14.0090
A202085,,1445.9890,1304.2510,13.8090
A202086,,1447.2190,1303.6420,14.2670
A202087,,1469.9840,1302.9910,14.2780
A202088,,1441.1830,1302.6430,14.2920
A202089,,1440.5680,1303.5350,14.3790
A202090,,1400.8610,1303.6460,14.3740
A202091,,1399.5430,1303.5530,14.2610
A202092,,1397.0530,1302.9560,14.3640
A202093,,1409.6510,1332.9890,17.1280
A202094,,1439.9250,1327.0800,14.2940
A202095,,1455.5500,1334.5730,14.2930
A202096,,1455.6190,1329.5550,13.9470
A202097,,1447.8250,1329.4970,13.9340

22,BSS,1476.1030,1198.3120,13.0270
A306,,1397.6280,1410.7470,14.0270
A307,,1469.4670,1427.1060,13.8570
A204001,,1440.5930,1401.6890,14.1580
A204002,,1442.5930,1401.7150,14.1730
A204003,,1369.6500,1422.0880,13.8280
A204004,,1399.6250,1422.4350,13.9850
A204005,,1429.4870,1422.8110,13.9540
A204006,,1443.8790,1423.0250,13.1130
A204007,,1449.7040,1423.1370,13.1820
A204008,,1455.5170,1423.1760,13.2160
A204009,,1459.9620,1422.9360,13.4370
A204010,,1459.3910,1423.1240,17.1950
A204011,,1459.0090,1422.5390,13.8620
A204012,,1464.1000,1423.3640,13.8650
A204013,,1468.0340,1425.7110,13.8120
A204014,,1470.5410,1430.2190,13.8630
A204015,,1471.3170,1433.8350,13.8110
A204016,,1471.0720,1455.1180,13.7340
A204017,,1480.0360,1455.4800,13.7250
A204018,,1480.2760,1433.6950,13.8050
A204019,,1479.5920,1405.4330,13.8070
A204020,,1472.6460,1406.0950,13.8550
A204021,,1470.7180,1410.7940,13.8700
A204022,,1469.0080,1412.4900,13.8910
A204023,,1466.0430,1413.5070,13.8720
A204024,,1464.4790,1413.5980,13.8610
A204025,,1469.1360,1410.8590,13.9930
A204026,,1469.2560,1402.0320,14.1480
A204027,,1470.4560,1402.0570,14.1340
A204028,,1470.3660,1410.6900,13.9860
A204029,,1472.6460,1402.0670,13.8350
A204030,,1468.8930,1399.0050,14.3320
A204031,,1469.0360,1385.1410,14.3530
A204032,,1472.9180,1379.6430,13.8810
A204033,,1472.9530,1376.2640,13.8800
A204034,,1473.1710,1359.7870,13.7830
A204035,,1473.2080,1355.6390,13.7750
A204036,,1469.4230,1352.5060,14.3310
A204037,,1470.6900,1351.8720,14.3200
A204038,,1475.2000,1351.4340,13.7600
A204039,,1473.5520,1355.9590,13.7630
A204040,,1477.2060,1358.2690,13.8230
A204041,,1479.8070,1356.7160,13.7560
A204042,,1473.8450,1381.9740,13.8920
A204043,,1469.5420,1386.6100,14.3470
A204044,,1473.2300,1386.8490,13.9170
A204045,,1476.8710,1388.2540,13.9460
A204046,,1479.4810,1387.2890,13.8670
A204047,,1478.3680,1392.9200,13.9070
A204048,,1469.3360,1397.8150,14.3470
A204049,,1474.6760,1402.8720,13.8350
A204050,,1473.5910,1408.2650,13.8620
A204051,,1479.3650,1406.4630,13.8180
A204052,,1462.4060,1411.6780,13.1310
A204053,,1460.8540,1412.5140,14.0160
A204054,,1477.0140,1419.2660,13.9870
A204055,,1478.8750,1421.3490,13.9480
A204056,,1468.5400,1425.8000,13.8310
A204057,,1466.2160,1425.0210,13.9250
A204058,,1464.7210,1423.6660,13.8810
A204059,,1465.7690,1425.8770,13.9850
A204060,,1467.3720,1428.9170,14.0270
A204061,,1468.5120,1434.1230,13.9990
A204062,,1464.0410,1429.8920,14.6630
A204063,,1461.3720,1432.6200,15.9280
A204064,,1461.6210,1448.6030,15.5290
A204065,,1469.8190,1430.6780,14.0080
A204066,,1471.4930,1448.9380,13.7540
A204067,,1476.5290,1451.0330,13.7980
A204068,,1479.7370,1450.1900,13.7450
A204069,,1478.4590,1453.0720,13.7630
A204070,,1479.4990,1471.3480,13.6820
A204071,,1478.3010,1474.0410,13.7010
A204072,,1476.3130,1472.0400,13.7430
A204073,,1471.2530,1469.9890,13.6980
A204074,,1470.3600,1465.3730,13.8560
A204075,,1469.9780,1481.9570,13.8240
A204076,,1466.2270,1492.7970,13.7690
A204077,,1467.8380,1469.2170,13.8880
A307C,,1469.4780,1427.1180,13.8590
A306C,,1397.6140,1410.7510,14.0330
