E613002,,1360.0280,930.7330,8.1270
E613003,,1363.3060,920.8650,8.3320
E613004,,1361.8340,913.1440,9.4870
E613005,,1367.1670,908.7300,8.4120
E613006,,1364.9560,900.8630,9.5690
E613007,,1369.7860,891.0090,8.1250
E613008,,1362.9830,894.8010,10.3000
E613014,,1351.6910,939.5350,9.2220
E613015,,1348.0750,952.8910,8.4610
E613016,,1341.6940,958.7910,9.5070
E613017,,1339.3880,970.0330,8.4050
E613018,,1331.5060,972.5930,9.8430
E612035,,1296.3580,913.6240,17.3630
E612036,,1291.4540,905.1540,18.3520
E612037,,1305.4330,911.9250,15.0370
E612018,,1326.2970,909.3770,14.2690
E612019,,1347.6160,918.5970,11.1240
E612020,,1320.8290,923.1290,12.4970
E612021,,1355.1840,924.0590,10.1030
E612022,,1343.0970,901.4140,13.7080
E612023,,1351.3930,934.0640,9.9560
E612024,,1322.6710,982.2600,9.8440
E612025,,1345.7250,949.9690,9.5640
E612026,,1320.2860,942.8460,10.7420
E612027,,1317.4490,966.8470,10.2880
E612010,,1309.3420,953.4660,11.0840
E612011,,1311.1680,953.2900,11.0820
E612028,,1301.3140,970.4150,11.8910
E612029,,1298.9090,959.1520,12.5340
E612030,,1293.2960,953.2580,14.4840
E612031,,1287.6060,962.0520,14.9150
E612032,,1296.9150,935.3030,15.1480
E612033,,1287.5670,935.1660,18.1090
E612034,,1279.4190,943.1040,19.4930
E611035,,1351.9450,861.0340,9.3740
E611036,,1366.7000,859.2960,9.2090
E611037,,1349.6470,883.2410,11.8290
E611038,,1338.8310,882.5510,10.7040
E611039,,1328.4910,882.7560,10.2340
E611040,,1324.4880,878.5770,8.9440
E611041,,1322.8390,846.1570,8.8680
E611042,,1317.5950,846.7540,10.4630
E611043,,1310.9940,882.1350,12.2170
E611044,,1311.3320,894.0840,13.2320
E611045,,1311.6940,906.0960,14.3480
E611046,,1303.1410,880.0550,13.8730
E611047,,1296.4630,877.0860,15.9730
E611048,,1290.2650,881.1730,18.3990
E611049,,1286.7520,892.1380,19.6080
E611050,,1303.7460,887.1770,14.2330
E611051,,1295.6990,898.0720,17.0680
E611052,,1305.2990,900.9650,15.0670
E611053,,1321.1100,893.8350,12.3690
E611054,,1329.7960,899.8110,13.8570
E611055,,1328.1150,891.5890,12.2750
E610014,,1253.8510,903.4190,27.6020
E610015,,1257.7280,894.3530,27.3410
E610016,,1251.6360,882.9090,28.7580
E610017,,1260.0610,881.4220,27.0150
E610018,,1242.4960,872.0670,29.3320
E610019,,1256.4170,870.4400,27.1410
E610020,,1264.3800,871.1170,25.3150
E610021,,1270.1650,870.0100,23.7520
E609024,,1245.5310,943.1750,24.1240
E609025,,1234.4300,942.8400,23.1710
E609026,,1235.5760,926.1190,24.8050
E609027,,1245.3530,909.3470,27.2560
E609028,,1228.1360,905.4450,26.1250
E609029,,1237.1230,896.6260,28.3100
E609030,,1219.2620,895.5560,25.6870
E609031,,1238.0140,881.2970,29.3670
E609032,,1220.6610,883.5830,27.4380
E609033,,1226.7130,872.3470,29.1400
E609034,,1214.1620,870.4700,26.8950
E609035,,1204.2640,854.3430,26.8990
E609036,,1236.5630,874.2260,29.4920
E609037,,1261.9590,929.6640,24.0050
E609038,,1259.9100,941.5680,22.9180
E608024,,1253.1780,970.0690,18.0310
E608025,,1252.6280,959.4260,20.5450
E608026,,1262.0360,975.5770,16.2950
E608027,,1278.8450,983.4610,13.3810
E608028,,1286.9850,988.8710,12.4310
E608029,,1299.3290,996.7410,10.2870
E608030,,1240.0080,956.6770,21.4160
E608031,,1233.5020,961.1030,19.7440
E608032,,1237.9600,968.2180,18.5890
E608033,,1243.3750,951.0660,22.7670
E608009,,1251.6670,939.6940,24.2500
E608012,,1254.4470,951.9710,21.8200
E607018,,1227.2630,1024.2600,12.0230
E607019,,1242.4560,1011.3370,12.5610
E607020,,1242.7850,995.2890,12.9220
E607021,,1260.3930,997.6520,12.7720
E607022,,1253.2600,981.6760,15.1740
E607023,,1243.0100,1016.0760,11.2390
E607024,,1236.2670,1021.5690,10.9160
E607025,,1251.2780,1012.0840,11.0760
E607026,,1257.8480,1008.8470,11.2150
E607027,,1237.3730,1025.7860,9.3160
E607028,,1244.4130,1020.6710,9.5210
E607029,,1267.0960,999.6010,12.1540
E607030,,1271.1450,1005.9670,10.3650
E607031,,1233.5240,990.6900,13.1810
E607032,,1218.9790,983.4670,13.1460
E607033,,1220.3310,1015.3260,12.8310
E607034,,1217.8910,1028.4090,12.2730
E607035,,1212.2150,1026.1620,12.8820
E605004,,1219.1640,1049.8300,9.2000
E605005,,1215.7680,1043.2550,11.4380
E605006,,1217.4040,1038.4680,11.7210
E605008,,1207.2790,1032.1540,12.6400
E605009,,1205.7830,1025.9130,12.8370
E605010,,1195.3090,1034.6260,12.2680
E605011,,1194.5780,1042.6910,11.7990
E605012,,1202.4040,1054.5020,11.8560
E605013,,1206.9170,1061.2480,11.2290
E605014,,1203.3080,1062.6440,11.7380
E604043,,1175.4950,893.5670,13.8000
E604044,,1179.4160,892.5670,15.5750
E604045,,1175.6100,910.2000,11.4880
E604046,,1188.4770,981.9990,11.5740
E604047,,1188.5890,993.9030,11.5090
E604048,,1190.0780,1011.3750,11.7780
E604049,,1180.0740,1011.9370,10.6900
E604050,,1185.5780,1034.1060,11.1120
E506045,,1096.0340,835.7300,10.9040
E506046,,1101.4650,841.4080,12.0760
E506047,,1102.6860,845.6700,12.3420
E506048,,1113.9810,836.7230,13.2060
E506049,,1112.5460,844.5570,13.2040
7,,1196.7420,1100.7520,10.4430
9,,1200.2980,1100.6290,9.2510
14,,1186.9580,1100.5800,10.7580
E611024,,1356.2000,845.7210,8.0970
E611025,,1363.2840,840.9220,8.0720
E611026,,1369.7390,847.8660,8.1310
E611027,,1371.5140,855.5810,8.1130
E611028,,1370.8630,860.9990,8.0990
E611030,,1341.3470,871.1450,8.1770
E611032,,1342.8220,869.2960,8.1690
E604007,,1099.7100,863.8870,10.6590
E604008,,1125.5120,864.6490,10.6340
E604012,,1145.8980,871.2310,10.6870
E604013,,1161.2680,883.0690,10.6730
E604014,,1170.1860,899.7690,11.0120
E604016,,1177.3390,952.8410,10.6710
E609017,,1242.6640,882.4800,29.3760
E609018,,1233.0440,862.1230,29.5370
E609019,,1231.3320,855.5550,29.3920
E609020,,1252.5860,894.2230,28.4230
E609021,,1245.1240,882.0060,29.3250
E611001,,1293.3100,870.6420,17.3330
E611002,,1292.3560,868.4530,17.4530
E611003,,1300.2850,868.1840,15.1150
E611004,,1299.5150,865.9090,15.1880
E611012,,1319.3480,861.3570,8.7460
E611013,,1319.2350,863.7470,8.7490
E10242,,1317.0080,996.0650,8.2360
309A6,,1239.0580,1026.6710,8.5680
309A7,,1235.6980,1029.6030,8.5160
309A8,,1256.3880,1016.0130,8.6190
E613009,,1356.5320,887.5410,11.5800
E608011,,1256.7520,951.4060,21.7510
E608015,,1261.1330,960.8260,19.5450
E609003,,1253.0230,933.8470,24.9230
E609005,,1252.5180,924.3480,25.8690
E609013,,1254.0070,918.4930,26.3070
E506019,,1088.1630,863.5220,10.5260