E401041,,1247.6050,1026.3860,8.5540
E401042,,1258.5270,1020.3210,8.5630
E401043,,1270.9350,1015.8310,8.5700
E506045,,1096.0340,835.7300,10.9040
E506046,,1101.4650,841.4080,12.0760
E506047,,1102.6860,845.6700,12.3420
E506048,,1113.9810,836.7230,13.2060
E506049,,1112.5460,844.5570,13.2040
E604043,,1175.4950,893.5670,13.8000
E604044,,1179.4160,892.5670,15.5750
E604045,,1175.6100,910.2000,11.4880
E604046,,1188.4770,981.9990,11.5740
E604047,,1188.5890,993.9030,11.5090
E604048,,1190.0780,1011.3750,11.7780
E604049,,1180.0740,1011.9370,10.6900
E604050,,1185.5780,1034.1060,11.1120
E604017,,1175.8700,1054.7480,10.6170
E604018,,1175.9670,1046.9770,10.6640
E604019,,1180.5200,1046.8340,10.7920
E604020,,1180.4340,1044.1410,10.8580
E604021,,1190.5820,1044.1150,11.0890
E604022,,1187.4910,1050.5550,10.9440
E604023,,1190.5040,1050.5590,11.1200
E604007,,1099.7100,863.8870,10.6590
E604008,,1125.5120,864.6490,10.6340
E604012,,1145.8980,871.2310,10.6870
E604013,,1161.2680,883.0690,10.6730
E604014,,1170.1860,899.7690,11.0120
E604015,,1172.0530,952.6330,10.6430
E604016,,1177.3390,952.8410,10.6710
E605005,,1215.7680,1043.2550,11.4380
E605006,,1217.4040,1038.4680,11.7210
E605007,,1209.6670,1041.9720,12.1780
E605008,,1207.2790,1032.1540,12.6400
E605009,,1205.7830,1025.9130,12.8370
E605010,,1195.3090,1034.6260,12.2680
E605011,,1194.5780,1042.6910,11.7990
E605012,,1202.4040,1054.5020,11.8560
E605013,,1206.9170,1061.2480,11.4290
E605014,,1203.3080,1062.6440,11.7380
E605001,,1198.2880,1046.0290,11.3210
E605002,,1198.3080,1050.1510,11.3370
E607001,,1224.1790,1031.8930,11.2960
E607002,,1229.6590,1035.8380,8.5880
E607003,,1227.9200,1037.4960,8.5870
E607004,,1223.9090,1025.3870,12.1090
E607005,,1226.3490,1025.7200,12.0820
E607006,,1225.2260,1020.8710,12.4240
E607007,,1227.3720,1021.6800,12.3670
E607008,,1228.0050,1014.7720,12.6800
E607009,,1230.1620,1015.8620,12.6640
E607010,,1238.4370,995.1320,12.9580
E607011,,1240.4640,996.5190,12.9360
E607012,,1241.6000,990.2590,13.8890
E607013,,1243.5570,991.7160,13.7630
E607014,,1246.9500,984.4660,15.0510
E607015,,1249.4360,984.6860,15.0830
E607016,,1250.7960,981.6090,15.5770
E607017,,1248.4510,981.1570,15.6570
E607018,,1227.2630,1024.2600,12.0230
E607019,,1242.4560,1011.3370,12.5610
E607020,,1242.7850,995.2890,12.9220
E607021,,1260.3930,997.6520,12.7720
E607022,,1253.2600,981.6760,15.1740
E607023,,1243.0100,1016.0760,11.2390
E607024,,1236.2670,1021.5690,10.9160
E607025,,1251.2780,1012.0840,11.0760
E607026,,1257.8480,1008.8470,11.2150
E607027,,1237.3730,1025.7860,9.3160
E607028,,1244.4130,1020.6710,9.5210
E607029,,1267.0960,999.6010,12.1540
E607030,,1271.1450,1005.9670,10.3650
E607031,,1233.5240,990.6900,13.1810
E607032,,1218.9790,983.4670,13.1460
E607033,,1220.3310,1015.3260,12.8310
E607034,,1217.8910,1028.4090,12.2730
E607035,,1212.2150,1026.1620,12.8820
E608024,,1253.1780,970.0690,18.0310
E608025,,1252.6280,959.4260,20.5450
E608026,,1262.0360,975.5770,16.2950
E608027,,1278.8450,983.4610,13.3810
E608028,,1286.9850,988.8710,12.4310
E608029,,1299.3290,996.7410,10.2870
E608030,,1240.0080,956.6770,21.4160
E608031,,1233.5020,961.1030,19.7440
E608032,,1237.9600,968.2180,18.5890
E608033,,1243.3750,951.0660,22.7670
E608012,,1254.4470,951.9710,21.8200
E608013,,1257.5400,954.0650,21.1630
E608021,,1291.4960,985.1570,12.4810
E608008,,1249.0360,938.9840,24.3960
E608010,,1254.0640,939.1940,24.1000
E609022,,1257.8150,907.0170,27.1190
E609023,,1255.5190,906.3850,27.1820
E609024,,1245.5310,943.1750,24.1240
E609025,,1234.4300,942.8400,23.1710
E609026,,1235.5760,926.1190,24.8050
E609027,,1245.3530,909.3470,27.2560
E609028,,1228.1360,905.4450,26.1250
E609029,,1237.1230,896.6260,28.3100
E609030,,1219.2620,895.5560,25.6870
E609031,,1238.0140,881.2970,29.3670
E609032,,1220.6610,883.5830,27.4380
E609033,,1226.7130,872.3470,29.1400
E609034,,1214.1620,870.4700,26.8950
E609035,,1204.2640,854.3430,26.8990
E609036,,1236.5630,874.2260,29.4920
E609037,,1261.9590,929.6640,24.0050
E609038,,1259.9100,941.5680,22.9180
E610014,,1253.8510,903.4190,27.6020
E610015,,1257.7280,894.3530,27.3410
E610016,,1251.6360,882.9090,28.7580
E610017,,1260.0610,881.4220,27.0150
E610018,,1242.4960,872.0670,29.3320
E610019,,1256.4170,870.4400,27.1410
E610020,,1264.3800,871.1170,25.3150
E610021,,1270.1650,870.0100,23.7520
E611035,,1351.9450,861.0340,9.3740
E611036,,1366.7000,859.2960,9.2090
E611037,,1349.6470,883.2410,11.8290
E611038,,1338.8310,882.5510,10.7040
E611039,,1328.4910,882.7560,10.2340
E611040,,1324.4880,878.5770,8.9440
E611041,,1322.8390,846.1570,8.8680
E611042,,1317.5950,846.7540,10.4630
E611043,,1310.9940,882.1350,12.2170
E611044,,1311.3320,894.0840,13.2320
E611045,,1311.6940,906.0960,14.3480
E611046,,1303.1410,880.0550,13.8730
E611047,,1296.4630,877.0860,15.9730
E611048,,1290.2650,881.1730,18.3990
E611049,,1286.7520,892.1380,19.6080
E611050,,1303.7460,887.1770,14.2330
E611051,,1295.6990,898.0720,17.0680
E611052,,1305.2990,900.9650,15.0670
E611053,,1321.1100,893.8350,12.3690
E611054,,1329.7960,899.8110,13.8570
E611055,,1328.1150,891.5890,12.2750
E612008,,1309.9180,929.4910,13.0130
E612009,,1311.7380,929.5790,12.8740
E612010,,1309.3420,953.4660,11.0840
E612011,,1311.1680,953.2900,11.0820
E612012,,1311.1610,989.2630,10.3450
E612013,,1312.9820,989.3980,10.1400
E612014,,1333.7600,927.0470,11.3370
E612015,,1333.6760,928.7200,11.2700
E612016,,1353.9440,927.4250,10.2020
E612018,,1326.2970,909.3770,14.2690
E612019,,1347.6160,918.5970,11.1240
E612020,,1320.8290,923.1290,12.4970
E612021,,1355.1840,924.0590,10.1030
E612022,,1343.0970,901.4140,13.7080
E612023,,1351.3930,934.0640,9.9560
E612024,,1322.6710,982.2600,9.8440
E612025,,1345.7250,949.9690,9.5640
E612026,,1320.2860,942.8460,10.7420
E612027,,1317.4490,966.8470,10.2880
E612028,,1301.3140,970.4150,11.8910
E612029,,1298.9090,959.1520,12.5340
E612030,,1293.2960,953.2580,14.4840
E612031,,1287.6060,962.0520,14.9150
E612032,,1296.9150,935.3030,15.1480
E612033,,1287.5670,935.1660,18.1090
E612034,,1279.4190,943.1040,19.4930
E612035,,1296.3580,913.6240,17.3630
E612036,,1291.4540,905.1540,18.3520
E612037,,1305.4330,911.9250,15.0370
E613001,,1360.7430,929.0490,8.1440
E613002,,1360.0280,930.7330,8.1270
E613003,,1363.3060,920.8650,8.3320
E613004,,1361.8340,913.1440,9.4870
E613005,,1367.1670,908.7300,8.4120
E613006,,1364.9560,900.8630,9.5690
E613007,,1369.7860,891.0090,8.1250
E613008,,1362.9830,894.8010,10.3000
E613009,,1356.5320,887.5410,11.5800
E613014,,1351.6910,939.5350,9.2220
E613015,,1348.0750,952.8910,8.4610
E613016,,1341.6940,958.7910,9.5070
E613017,,1339.3880,970.0330,8.4050
E613018,,1331.5060,972.5930,9.8430
E604037,,1121.4480,868.2470,10.6540
E604040,,1167.3880,904.7530,10.6850
E604026,,1166.2090,1009.7410,10.6870
9,,1200.2980,1100.6290,9.2510
7,,1196.7420,1100.7520,10.4430
E611024,,1356.2000,845.7210,8.0970
E611025,,1363.2840,840.9220,8.0720
E611026,,1369.7390,847.8660,8.1310
E611027,,1371.5140,855.5810,8.1130
E611028,,1370.8630,860.9990,8.0990
E611029,,1333.1600,835.0190,7.9350




1215,,1368.5590,862.3620,8.6060
1216,,1364.0170,861.0440,9.6030
1217,,1365.0710,855.2230,9.3810
1218,,1367.9290,855.1120,8.8350
1221,,1364.0600,844.1240,8.6400
1222,,1361.7790,847.3860,9.1370
1225,,1360.1440,842.9450,8.5100
1226,,1358.1190,848.3200,9.0730
1227,,1355.1150,856.7960,9.3870
1228,,1350.7640,863.1420,9.3920
1229,,1354.7140,867.0930,10.1670
1292,,1353.2830,737.9330,8.1050
1293,,1351.4230,737.5060,8.2450
1294,,1349.4150,736.4570,8.2560
1295,,1347.2570,736.5020,8.1900
1296,,1344.0530,737.2840,8.0420
1297,,1340.5680,739.5000,8.1260
1298,,1337.0690,742.1930,8.0470
1299,,1334.8320,745.7960,8.0670
1300,,1343.2350,739.6530,8.6830
1301,,1345.0080,738.9940,8.7580
1302,,1348.7310,738.8910,8.8500
1303,,1351.0050,740.0550,8.8400
1304,,1352.2940,740.7590,8.8300
1305,,1354.1050,742.6590,8.7660
1306,,1353.3190,745.7490,8.9760
1307,,1351.4350,741.8610,9.1170
1308,,1338.8830,747.7780,8.9660
1309,,1341.1650,743.6810,9.1590
1310,,1338.6200,744.7790,8.7420
1311,,1341.8380,749.5660,9.4930
1312,,1336.2920,767.8210,9.7750
1313,,1336.3780,782.2020,8.6330
1314,,1328.0260,791.6910,9.5080
1315,,1347.4850,761.1970,8.2160
1316,,1336.6470,750.2280,9.0050
1317,,1330.7550,760.6490,8.4100
1318,,1349.9250,756.6140,8.3360
1319,,1326.3320,787.7160,8.8900
1320,,1303.6050,741.3990,8.4770
1321,,1303.0170,741.8740,8.4450
1322,,1304.3280,737.3160,8.4040
1323,,1308.9020,720.9910,9.1770
1324,,1314.7970,717.0860,8.1580
1325,,1307.1560,712.5890,9.7450
1326,,1319.1270,707.5660,8.5840
1327,,1322.9400,703.2720,7.9000
1328,,1299.5840,706.9070,9.9110
1329,,1311.1230,700.4530,9.6720
1330,,1321.1410,698.7480,8.9540
1331,,1323.4620,698.3490,7.9750
1332,,1321.4210,701.3970,8.7360
1333,,1323.4100,696.2550,7.8840
1334,,1317.5680,696.7080,9.3550
1335,,1318.7660,691.9390,8.2690
1336,,1314.1020,689.5630,8.4140
1337,,1314.9690,691.4900,9.2640
1338,,1319.5080,692.9700,8.4680
1339,,1310.5810,692.7070,9.6310
1340,,1321.0750,698.7770,8.9670
1341,,1301.3070,761.9190,8.3260
1342,,1300.8680,762.3540,8.3050
1343,,1292.7020,770.3940,10.7400
1344,,1300.7300,768.7500,8.3750
1345,,1298.0790,777.3050,9.6830
1387,,1340.4420,741.1070,8.6960
1388,,1344.3030,742.1510,9.2160
1389,,1339.7280,746.8560,9.3040
1390,,1341.0520,760.4130,9.6510
1391,,1343.3750,744.9340,9.3650
1392,,1333.3390,773.3250,9.7420
1393,,1334.4580,755.1710,9.0440
1394,,1328.8260,765.7080,8.0320
1395,,1326.6410,784.3870,8.9000
1396,,1355.0950,742.2160,8.5790
1397,,1358.0240,741.4450,9.4470
1398,,1358.0780,741.6150,9.4420
1399,,1356.6060,739.0240,8.5690
1400,,1357.9540,739.8890,9.0660
1401,,1355.7200,740.0720,8.4770
1402,,1324.4460,788.1940,8.1420
1403,,1327.0840,784.5020,9.0260
1404,,1306.5800,687.4840,8.6460
1405,,1304.6740,699.1370,9.7580
1406,,1307.1210,707.0020,9.7570
1407,,1307.1330,710.3400,9.7660
1408,,1316.9540,797.0860,9.4670
1409,,1315.8850,802.4670,11.4420
1410,,1246.1500,689.0760,8.5660
1411,,1252.1950,693.0690,8.8510
1412,,1255.0180,700.0180,8.8790
1413,,1246.3520,694.2810,9.8160
1414,,1250.7030,699.6240,9.9020
1415,,1228.8610,701.4310,11.0290
1416,,1249.0330,698.5600,10.0590
1441,,1298.0260,696.1980,9.4860
1442,,1289.3960,707.0820,8.8270
1443,,1281.5310,730.1130,9.8030
1444,,1300.3720,703.2790,9.8490
1445,,1308.8140,691.5990,9.6070
1446,,1262.6450,735.5390,9.7200
1447,,1262.4370,731.0540,11.8490
1448,,1262.5680,732.0120,8.6460
1449,,1255.4990,706.9550,8.7980
1450,,1250.3080,703.9490,10.0820
1451,,1226.2640,694.3000,9.5540
1475,,1226.9650,710.0120,11.9500
1476,,1227.0430,702.6290,11.2050
1477,,1227.0890,699.0720,10.5950
1478,,1227.1060,697.7170,10.1960
1479,,1227.1610,693.0000,9.2980
1480,,1227.0920,690.6460,8.4890
1481,,1186.1440,672.7560,8.4950
1482,,1188.6720,675.9320,8.4910
1483,,1192.5370,683.5520,9.2920
1484,,1188.9860,685.8290,10.7210
1485,,1184.0620,688.6660,12.1990
1486,,1188.0590,692.8900,11.9550
1487,,1177.5140,692.5710,12.9720
1488,,1170.4240,697.4320,14.1450
1489,,1184.9340,699.8150,12.8680
1490,,1166.5280,700.1860,15.5020
1491,,1193.0360,703.4980,12.8450
1492,,1163.6910,702.2800,16.6250
1493,,1161.5800,704.7410,17.6310
1494,,1189.3740,711.0440,14.5570
1495,,1157.9020,706.9960,18.6240
1496,,1193.3470,721.5280,16.7250
1497,,1152.8430,710.3980,19.2390
1498,,1190.1090,724.9000,18.0580
1499,,1156.1180,707.2120,18.7820
1500,,1186.7620,732.3960,20.5660
1501,,1165.2760,697.2000,15.0100
1502,,1170.5290,688.4040,13.3990
1503,,1165.7980,678.6550,13.5400
1504,,1169.2810,677.3020,13.0100
1505,,1171.6770,676.5300,12.4620
1506,,1176.8930,675.0480,10.9520
1507,,1185.5420,690.5860,12.1570
1508,,1192.0380,694.3460,11.7840
1509,,1201.3460,695.6740,10.8400
1510,,1210.9430,700.0040,10.9320
1511,,1197.7140,691.1230,10.2540
1512,,1212.4510,695.1940,9.7450
1513,,1200.6360,701.2660,12.1040
1514,,1207.7910,694.0360,9.7360
1515,,1193.5950,704.9730,13.0260
1516,,1208.2790,691.8450,8.9300
1517,,1190.4830,709.5650,14.0900
1518,,1213.7920,693.1550,9.1480
1519,,1187.1720,715.9340,16.0110
1520,,1185.4220,719.3300,17.1890
1521,,1184.6390,722.5820,18.2380
1522,,1183.1180,725.6540,19.4250
1523,,1187.4610,731.2090,20.1190
1524,,1196.3840,721.2020,16.1920
1525,,1191.2610,699.2340,12.6300
1526,,1207.2960,699.5960,11.0710
1527,,1224.9270,704.8500,11.4690
1528,,1206.5580,703.4200,11.9330
1529,,1224.5970,710.9030,12.0650
1530,,1206.1760,708.4390,12.6190
1531,,1205.9470,711.5670,13.2820
1532,,1207.5260,717.3530,13.8150
1533,,1213.3640,731.1890,14.8830
1604,,1184.4040,670.6660,8.9500
1605,,1178.0400,669.0920,10.0990
1606,,1170.8240,667.7120,10.9870
1607,,1171.8110,666.0960,10.1710
1608,,1164.8560,666.4910,11.9530
1609,,1167.9220,665.1930,10.6210
1610,,1160.5170,665.5010,12.5160
1611,,1164.7330,663.7050,11.0090
1612,,1158.4930,664.1760,12.3600
1613,,1146.1180,665.2260,12.5070
1614,,1145.9630,663.3810,11.2750
1615,,1148.4270,666.1640,13.6740
1616,,1151.3550,662.5510,11.5790
1617,,1154.6090,663.3110,12.5080
1618,,1154.7920,671.6260,13.9470
1619,,1176.2790,662.0110,9.0380
1620,,1166.1520,658.3310,9.0260
1621,,1160.3550,658.4780,9.0100
1622,,1142.7670,661.5060,9.1650
1623,,1161.1830,675.6370,12.9460
1624,,1167.7950,678.0030,12.4050
1625,,1175.9120,682.9370,12.1060
1626,,1146.9900,682.8030,13.6910
1627,,1139.9510,671.8220,13.1180
1628,,1151.5030,684.7300,13.6440
1629,,1137.9850,677.9980,13.5390
1630,,1135.3030,677.2340,13.6180
1631,,1133.2030,683.0310,13.9130
1632,,1163.3520,688.8820,13.8300
1633,,1130.1690,686.5340,13.8870
1634,,1163.3590,688.8760,13.8240
1635,,1127.1900,692.4800,14.0160
1636,,1132.8650,692.4890,14.8660
1637,,1157.3910,699.3320,16.7920
1638,,1162.8390,707.8160,18.2170
1639,,1164.5280,715.6010,19.5830
1640,,1169.0710,701.8420,15.3340
1641,,1178.4650,705.8840,14.6060
1642,,1173.5560,712.8590,17.1200
1643,,1180.2100,715.6490,16.7480
1644,,1172.4810,712.1830,17.1980
1645,,1168.6940,717.6830,19.2930
1656,,1141.9290,696.6820,15.7730
1657,,1139.2600,701.0450,16.0640
1658,,1140.7480,712.5760,17.5770
1659,,1137.7370,709.4610,16.7630
1660,,1132.6770,713.2540,16.4210
1661,,1136.5680,719.4690,17.8780
1662,,1129.6070,717.8710,16.4950
1663,,1132.2750,724.9010,18.2100
1664,,1128.6720,711.8470,15.6370
1665,,1126.1170,713.8930,15.8740
1666,,1134.9440,727.3220,18.9340
1667,,1139.9460,720.0010,18.7370
1668,,1138.7480,724.5980,19.3400
1669,,1129.9180,698.7480,14.9520
1670,,1135.4930,699.9110,15.6830
1671,,1137.5890,718.9740,18.0850
1672,,1139.3880,715.3430,17.9900
1673,,1135.5460,711.9280,16.8890
1674,,1136.1550,714.3120,17.5460
1675,,1135.4600,721.6590,18.4290
1676,,1129.6670,720.5900,17.2510
1677,,1132.7760,733.3450,19.5410
1683,,1158.8840,715.2290,20.1630
1684,,1166.7580,722.9370,20.5940
1685,,1161.2570,726.8470,21.8620
1686,,1153.8450,725.0760,21.5200
1687,,1168.1420,733.0250,22.5350
1688,,1147.8150,720.0570,19.9730
1689,,1173.7210,737.8990,23.1260
1690,,1176.9940,740.8380,23.3770
1691,,1172.1600,748.7630,24.3870
1692,,1180.7760,743.2230,23.4460
1693,,1179.2280,762.5100,25.4150
1694,,1184.8970,747.4680,23.8950
1695,,1195.1840,791.5910,27.4010
1696,,1190.5660,751.5700,23.9320
1697,,1190.9840,747.2300,22.9590
1698,,1208.1610,816.3270,28.6340
1699,,1186.1530,741.8950,22.5880
1700,,1181.9420,737.7020,22.3200
1701,,1172.7240,732.4010,22.1400
1702,,1190.5230,751.4170,23.9170
1713,,1144.6510,734.1650,21.5290
1714,,1160.1160,743.1760,23.6290
1715,,1159.6570,745.7470,23.8480
1716,,1167.5890,751.6290,24.6060
1717,,1156.7540,744.8490,23.6330
1724,,1231.8160,820.4500,27.2920
1725,,1202.2410,786.1840,27.0700
1726,,1190.9760,796.8390,27.4680
1727,,1183.5940,807.1910,27.0970
1728,,1227.8610,809.7820,27.2760
1729,,1175.3710,800.0930,26.3780
1730,,1183.0860,792.1260,27.0410
1731,,1173.6210,782.6890,26.3840
1732,,1160.2530,787.6440,26.3350
1733,,1156.6990,775.6420,24.6170
1734,,1158.9250,763.9320,24.8630
1735,,1172.0960,776.4710,26.0210
1736,,1187.3100,764.4180,25.4610
1737,,1218.6720,785.8590,25.1370
1738,,1213.8360,786.0630,26.2390
1739,,1216.3960,792.6110,26.8810
1740,,1219.0280,797.9180,27.1440
1741,,1222.6560,796.7800,26.3140
1742,,1221.7620,803.3740,26.7680
1743,,1224.5820,808.1550,27.0940
1744,,1229.1470,806.7100,26.6210
1745,,1227.0580,813.0120,27.6620
1746,,1232.4270,825.7610,27.6260
1747,,1236.6990,829.0230,27.3020
1748,,1203.5060,764.3840,24.1280
1750,,1206.4710,762.0120,22.7240
1751,,1208.1180,767.6110,23.6280
1752,,1202.5200,760.3670,23.4200
1753,,1196.9600,752.2270,22.9020
1754,,1202.9680,754.9340,22.0570
1755,,1198.1220,759.3320,24.0980
1756,,1179.4850,789.2770,26.8790
1757,,1163.7580,786.8720,25.2870
1758,,1150.0970,769.1800,23.7990
1759,,1145.2480,774.8780,22.7970
1760,,1148.6820,781.8400,23.2820
1761,,1154.5190,794.0640,23.5580
1762,,1146.4530,796.2150,22.0060
1763,,1141.5790,786.2350,21.6030
1764,,1135.5300,789.0560,20.1180
1765,,1137.5380,797.8270,20.0780
1766,,1140.0200,808.4700,19.6540
1767,,1141.4480,814.7650,19.4430
1768,,1129.8130,821.6430,16.7380
1769,,1119.6070,827.8030,14.3640
1770,,1108.0950,834.0760,12.4880
1771,,1103.3680,836.3840,12.0610
1772,,1135.2410,824.8320,17.5310
1773,,1132.1660,826.9950,16.7430
1774,,1128.8540,829.4480,15.9270
1775,,1144.5280,822.5690,19.4690
1776,,1151.1380,813.2370,21.4370
1777,,1161.7730,812.0910,23.5060
1778,,1176.2000,794.1780,26.6400
1779,,1186.3500,803.4080,27.3050
1780,,1193.8710,813.2210,27.9250
1781,,1200.3260,824.3340,28.6210
1782,,1205.8710,833.8970,29.1280
1783,,1179.9850,819.2000,26.1860
1784,,1207.7170,837.0680,29.0180
1785,,1196.0570,843.0370,26.5560
1786,,1217.1590,832.1280,29.0620
1787,,1202.2110,859.1420,25.8620
1788,,1213.6800,817.6430,28.6110
1789,,1208.7740,808.1640,28.2540
1790,,1203.3580,795.2790,27.6980
1791,,1194.2850,783.2110,26.7930
1792,,1187.4670,773.1070,26.1370
1793,,1179.0420,766.6750,25.5900
1794,,1198.3910,807.7130,28.1430
1795,,1170.2510,773.9580,25.8670
1796,,1208.8090,822.9220,28.8940
1797,,1163.8320,769.8700,25.3880
1798,,1184.9700,794.3790,27.1270
1799,,1173.2690,750.2970,24.4860
1800,,1186.8370,761.9790,25.2780
1801,,1198.0560,773.9890,26.1250
1802,,1202.7300,861.4800,25.7020
1803,,1207.6160,868.0180,25.7440
1804,,1207.3020,789.9390,27.1390
1805,,1212.2280,871.7700,26.4380
1806,,1213.8230,806.5010,28.0340
1807,,1219.5240,816.3820,28.3700
1808,,1206.8230,859.7870,26.6550
1818,,1252.4530,886.1080,28.6400
1819,,1250.5300,883.3280,28.9210
1820,,1247.5200,873.9040,29.1340
1821,,1253.1150,869.4570,27.9080
1822,,1256.9930,877.8370,27.4760
1823,,1222.6000,835.3070,28.7810
1824,,1225.7350,845.2460,28.9990
1825,,1241.0090,862.0140,29.3430
1826,,1226.7290,840.0050,28.6480
1827,,1238.4740,846.5490,28.5840
1828,,1236.9710,835.8020,27.8610
1829,,1246.9680,850.3520,28.1800
1830,,1244.4350,833.5950,26.8960
1831,,1229.5170,855.2770,29.3660
1832,,1254.1960,831.5190,25.1430
1833,,1231.4130,874.3520,29.3870
1834,,1256.2080,836.8970,25.4330
1835,,1238.1520,891.6010,28.7010
1836,,1259.2830,831.2070,24.0930
1837,,1239.7240,901.4550,27.7130
1838,,1254.2840,829.0550,24.7380
1839,,1231.8450,902.0280,27.1210
1840,,1245.9460,822.5710,25.2460
1841,,1239.6580,818.7680,25.7530
1842,,1235.3620,828.9910,27.4570
1843,,1242.0960,891.3430,28.9420
1844,,1232.4260,821.9470,27.3270
1845,,1241.1960,838.6930,27.8740
1846,,1252.7190,842.5660,26.6010
1847,,1242.0960,888.1480,29.0920
1848,,1245.9990,897.0580,28.3440
1849,,1245.5520,907.7840,27.4040
1859,,1261.1440,892.3170,26.8350
1861,,1266.4820,887.3710,26.0050
1865,,1283.9880,817.9580,17.2450
1866,,1274.8770,876.3580,22.8470
1867,,1277.0720,877.9970,22.5910
1868,,1280.5270,873.8190,21.4100
1869,,1281.4430,876.0410,21.3110
1870,,1287.3120,870.7900,19.3250
1871,,1288.2480,872.9770,19.1850
1872,,1294.4210,867.7280,16.9720
1873,,1295.5030,869.8640,16.7020
1874,,1302.2690,865.0060,14.3270
1875,,1308.4490,862.9650,11.6820
1876,,1310.6730,864.8000,11.4360
1879,,1300.5460,860.1160,14.3800
1880,,1297.0840,857.0370,15.4380
1881,,1292.3320,850.5470,16.8680
1882,,1287.6810,847.6930,18.0130
1883,,1226.2470,814.6410,27.9300
1884,,1228.0380,806.5800,26.8690
1885,,1229.6390,818.3410,27.6050
1886,,1231.0380,810.4290,26.5790
1887,,1231.0630,827.2680,27.9720
1888,,1231.9090,815.9810,26.9130
1889,,1243.1680,828.7490,26.4690
1890,,1240.9120,816.6760,25.3490
1891,,1248.3320,819.0950,24.3760
1892,,1244.2250,814.6020,24.4920
1893,,1253.4860,817.6670,23.4330
1894,,1251.3730,821.6980,24.2630
1895,,1257.7800,817.7030,22.7150
1896,,1254.2450,831.7880,25.1570
1897,,1255.3410,836.1500,25.5090
1898,,1260.6600,829.8480,23.6290
1899,,1260.0670,842.9000,25.1410
1900,,1266.4870,826.5130,21.8300
1901,,1264.8310,840.5640,23.9150
1902,,1272.7450,823.6040,20.0340
1903,,1270.6170,836.6290,22.1920
1904,,1279.2210,816.7770,17.8190
1905,,1273.9680,828.4560,20.5920
1906,,1284.0180,814.8500,16.7250
1907,,1279.3040,814.2680,17.3920
1917,,1328.1300,816.5960,9.3110
1918,,1331.4510,784.0800,9.4240
1919,,1322.5280,815.6990,10.9530
1920,,1324.3170,799.0400,10.1050
1921,,1315.8750,818.8460,12.3220
1922,,1309.5790,808.6310,12.6880
1923,,1308.7020,821.6230,13.6890
1924,,1299.3180,810.3720,13.7430
1925,,1301.4310,822.9090,14.9740
1926,,1292.1890,812.2570,14.8410
1927,,1295.8980,825.3120,15.8540
1928,,1284.7920,812.5670,16.1610
1929,,1288.6150,824.2890,17.1210
1930,,1299.7560,819.2850,14.9490
1931,,1283.5300,809.2820,15.8580
1932,,1290.9120,806.3090,13.9600
1933,,1332.7380,790.9750,8.9040
1934,,1293.3010,797.9220,10.7330
1935,,1339.2770,772.0770,7.0390
1936,,1301.2510,798.8240,11.4640
1937,,1310.0930,799.1100,10.3640
1938,,1319.7300,795.6530,9.2320
1939,,1304.6700,792.6260,9.6750
1940,,1301.8320,785.0060,9.2310
1941,,1297.9380,794.0390,11.2170
1942,,1296.3180,786.2890,10.6800
1943,,1289.0480,790.7810,12.4180
1944,,1291.2730,780.0600,11.4080
1945,,1283.8020,790.3470,13.3010
1946,,1292.3150,773.3930,10.8690
1947,,1299.1250,781.2270,9.6660
1948,,1300.2870,765.9460,8.4260
1952,,1347.9510,866.9210,9.1090
1953,,1353.3160,868.9480,10.3830
1954,,1350.8970,864.2080,9.5410
1955,,1357.2640,857.1320,9.5180
1956,,1328.1050,813.4870,9.4380
1957,,1322.0840,832.8130,10.3130
1958,,1327.7760,833.2790,8.5090
1959,,1320.4430,845.9620,9.6880
1960,,1320.5490,856.0210,8.6640
1961,,1326.6520,824.5260,9.3600
1962,,1330.8030,811.4830,8.8560
2006,,1318.1630,692.3930,8.7510
2007,,1321.4890,699.0000,8.8420
2008,,1308.2800,688.5440,9.0480
2009,,1294.3080,699.6800,9.2230
2010,,1279.7840,730.7820,9.6320
2011,,1283.5400,720.3140,8.7850
2012,,1290.1270,718.0690,9.8060
2013,,1299.3630,708.1660,9.8610
2014,,1314.8190,709.6480,9.2570
2015,,1305.9940,697.4400,9.6470
1596,,1160.3460,669.8000,12.5250
1597,,1160.7120,667.3140,12.5270
1598,,1148.9190,671.2970,13.9160
1599,,1143.1890,675.5160,14.2090
1600,,1147.2400,669.3390,13.9260
1601,,1141.3780,680.5190,14.4360
1602,,1141.5160,689.5880,15.1700
1603,,1142.7460,686.1420,14.8710
1646,,1143.4950,693.3800,15.5730
1647,,1144.6720,690.4630,15.3140
1648,,1147.4910,705.8020,18.0670
1649,,1149.6780,708.1030,18.4540
1650,,1145.7290,713.6400,19.0460
1651,,1146.4850,718.4820,19.5040
1652,,1143.4200,723.1230,20.0320
1653,,1148.4720,727.7940,21.3050
1654,,1146.3290,729.3440,21.1450
1655,,1153.3980,730.6820,22.2990
1678,,1173.8500,742.3020,23.8170
1679,,1172.5070,744.3040,23.8850
1680,,1193.5050,763.2470,25.1810
1681,,1195.3860,761.7160,25.1010
1682,,1204.5130,773.5320,25.8660
1718,,1207.8130,778.3930,26.2750
1719,,1205.5820,779.4260,26.3470
1720,,1217.9280,802.4840,27.7560
1721,,1215.8630,803.7240,27.7960
1722,,1224.9490,814.2600,28.1230
1723,,1222.7920,815.3330,28.1950
1809,,1230.7080,837.4990,28.5230
1810,,1229.6250,844.7750,28.8330
1811,,1232.0350,844.7930,28.8550
1812,,1234.1690,865.3360,29.5740
1813,,1236.4140,864.6270,29.4930
1814,,1243.8390,884.3340,29.2710
1815,,1245.7090,882.9030,29.2490
1816,,1249.0530,892.1680,28.8180
1817,,1251.2460,891.1810,28.7100
1850,,1244.3280,844.1720,28.3130
1851,,1243.7380,846.4680,28.3180
1852,,1254.7230,850.5200,26.7540
1853,,1254.9170,848.1080,26.7480
1854,,1264.6320,850.6280,24.8280
1855,,1264.4280,848.2450,24.7960
1856,,1270.6320,845.8380,23.1580
1857,,1277.7930,839.7530,21.2140
1858,,1275.6570,838.6850,21.3890
1859,,1261.1440,892.3170,26.8350
1860,,1280.9690,830.1750,19.8040
1861,,1266.4820,887.3710,26.0050
1862,,1283.6330,823.3150,18.4540
1863,,1284.9880,820.5010,17.5430
1864,,1286.2900,819.1300,17.1390
1865,,1283.9880,817.9580,17.2450
1866,,1274.8770,876.3580,22.8470
1867,,1277.0720,877.9970,22.5910
1868,,1280.5270,873.8190,21.4100
1869,,1281.4430,876.0410,21.3110
1870,,1287.3120,870.7900,19.3250
1871,,1288.2480,872.9770,19.1850
1872,,1294.4210,867.7280,16.9720
1873,,1295.5030,869.8640,16.7020
1874,,1302.2690,865.0060,14.3270
1875,,1308.4490,862.9650,11.6820
1876,,1310.6730,864.8000,11.4360
1877,,1310.8280,869.5220,11.5090
1878,,1309.2890,880.0450,12.0470
1908,,1334.2860,803.3390,7.8960
1909,,1297.0750,816.0410,14.8070
1910,,1329.3420,805.4800,9.9360
1911,,1296.2000,813.8000,14.6680
1912,,1329.1830,803.0910,9.9460
1913,,1310.5360,813.5070,13.0940
1914,,1325.0890,807.3160,10.7240
1915,,1310.1140,811.1570,13.0030
1916,,1323.8330,805.2210,10.7730
1949,,1320.9840,861.7140,8.1070
1950,,1361.6920,749.4330,7.8650
1951,,1320.2170,863.9670,8.1460
1963,,1339.6860,770.9590,8.8830
1964,,1334.0590,774.4480,9.7780
1965,,1346.0170,761.4800,8.4970
1966,,1340.9210,757.9020,9.6000
1967,,1350.5950,747.4110,9.2260
1968,,1341.9020,749.0380,9.4270
1969,,1350.6360,747.0790,9.2310
1970,,1356.1470,741.7770,8.9630
1971,,1356.8680,738.2620,8.2470
1972,,1358.3720,742.1690,9.4710
1973,,1356.8740,747.3820,8.0090
1974,,1354.3430,737.8570,7.8940
2016,,1090.0520,760.4010,10.3410
2024,,1092.1890,822.2670,9.6400
2026,,1093.3580,793.2060,9.9470
1557,,1104.2480,760.8120,9.0670
1553,,1112.7660,756.5530,9.0630
1549,,1112.5530,721.7010,9.0400
1546,,1114.7960,702.7830,9.0160
1542,,1127.7780,674.4720,9.0320
1467,,1168.2620,657.2960,8.9950