A1:
1
5
1
359,57,48 2,31,31
1198.323,1476.104 1205.879,1204.789
88,21,02 181,00,30 185,04,16 268,07,54
75.710 59.038 137.020

观测角之和Eβ=722.3342, αn-α1=-357.2617, ▲角度闭合差Δα=-.0001, 导线总长Es=271.768, Xn-X1,Yn-Y1=(7.556,-271.315), 坐标增量和Ex,Ey=(7.571,-271.328),  坐标闭合差fx,fy=(0.015,-0.013), 全长闭合差fs=.02, ▲相对闭合差K=fs/Es=1/13588.4,

A2:
1
7
1
0,40,57 179,57,48
1502.101,1479.723 1198.323,1476.104
359,20,48 179,44,25 179,29,15 180,11,43 184,03,51 176,26,58
88.836 51.080 48.187 37.971 77.877

观测角之和Eβ=1259.17, αn-α1=179.1651, ▲角度闭合差Δα=.0009, 导线总长Es=303.951, Xn-X1,Yn-Y1=(-303.778,-3.619), 坐标增量和Ex,Ey=(-303.799,-3.622), 坐标闭合差fx,fy=(-0.021,-0.003), 全长闭合差fs=.021, ▲相对闭合差K=fs/Es=1/14473.8571428571,

A3:
1
10
1
0,40,57 91,35,43
1502.101,1479.723 1205.879,1204.789
7,05,47 249,23,36 193,26,48 178,51,50 76,16,26 197,50,46 241,18,30 109,43,05 96,57,18
75.689 73.701 64.778 109.400 48.246 58.786 38.224 83.344

观测角之和Eβ=1350.5406, αn-α1=90.5446, ▲角度闭合差Δα=-.004, 导线总长Es=552.168, Xn-X1,Yn-Y1=(-296.222,-274.934), 坐标增量和Ex,Ey=(-296.243,-274.946), 坐标闭合差fx,fy=(-0.021,-0.012), 全长闭合差fs=.024, ▲相对闭合差K=fs/Es=1/23007,

A4:
1
20
1
271,35,43 182,31,31
1205.879,1204.789 1526.561,1218.932
165,11,14 163,09,54 189,55,42 270,23,30 197,44,46 227,39,24 164,39,04 204,47,30 190,28,38 40,51,03 211,19,04 236,20,16 157,38,08 192,56,26 192,55,21 259,58,36 175,50,40 95,27,59 353,38,38
115.304 86.214 36.872 33.150 24.846 19.225 9.706 26.341 36.982 21.920 30.688 46.747 40.147 65.051 27.100 63.546 117.036 106.722

观测角之和Eβ=3690.5553, αn-α1=-89.041, ▲角度闭合差Δα=.0005, 导线总长Es=907.597, Xn-X1,Yn-Y1=(320.682,14.143), 坐标增量和Ex,Ey=(320.725,14.133),  坐标闭合差fx,fy=(0.043,-0.01), 全长闭合差fs=.044, ▲相对闭合差K=fs/Es=1/20627.2045454546,






